151,1,1127,12,42,131,1,25.833,10.350,0.000
152,1,1146,5,41,129,1,26.500,10.350,0.000
153,1,1156,2,41,128,1,26.833,10.350,0.000
154,1,1174,-4,40,126,1,27.500,10.350,0.000
155,1,1183,-7,40,125,1,27.833,10.350,0.000
156,1,1191,-10,40,124,1,28.167,10.350,0.000
157,1,1207,-23,39,121,1,29.500,10.650,0.000
158,1,1216,-19,40,122,1,29.167,10.350,0.000
151,2,996,77,50,149,1,20.500,9.750,0.000
152,2,1020,69,49,147,1,21.167,9.750,0.000
153,2,1031,64,48,146,1,21.500,9.750,0.000
154,2,1054,56,47,143,1,22.167,9.750,0.000
155,2,1065,52,46,142,1,22.500,9.750,0.000
156,2,1086,44,45,140,1,23.167,9.750,0.000
157,2,1098,31,44,136,1,24.167,10.050,0.000
158,2,1118,24,43,134,1,24.833,10.050,0.000
159,2,1137,17,42,132,1,25.500,10.050,0.000
160,2,1157,18,42,133,1,25.500,9.750,0.000
161,2,1166,14,42,132,1,25.833,9.750,0.000
162,2,1185,7,42,130,1,26.500,9.750,0.000
163,2,1202,1,41,128,1,27.167,9.750,0.000
164,2,1211,-1,41,127,1,27.500,9.750,0.000
165,2,1218,-12,40,124,1,28.500,10.050,0.000
166,2,1234,-18,40,123,1,29.167,10.050,0.000
167,2,1242,-21,40,122,1,29.500,10.050,0.000
168,2,1250,-24,40,121,1,29.833,10.050,0.000
151,3,1301,729,120,340,1,3.500,-0.750,0.000
152,3,1279,752,121,346,1,3.167,-0.750,0.000
153,3,1257,776,122,353,1,2.833,-0.750,0.000
154,3,1234,801,124,359,1,2.500,-0.750,0.000
151,4,903,66,49,145,1,20.833,11.250,0.000
152,4,928,58,48,143,1,21.500,11.250,0.000
153,4,940,53,48,141,1,21.833,11.250,0.000
154,4,951,49,47,140,1,22.167,11.250,0.000
155,4,975,41,46,138,1,22.833,11.250,0.000
156,4,986,38,46,137,1,23.167,11.250,0.000
157,4,1008,30,45,135,1,23.833,11.250,0.000
158,4,1019,26,44,134,1,24.167,11.250,0.000
159,4,1040,19,43,132,1,24.833,11.250,0.000
160,4,1050,16,43,131,1,25.167,11.250,0.000
161,4,1060,12,43,130,1,25.500,11.250,0.000
162,4,1080,5,42,128,1,26.167,11.250,0.000
163,4,1090,2,41,127,1,26.500,11.250,0.000
164,4,1099,0,41,126,1,26.833,11.250,0.000
151,5,1073,77,49,150,1,20.833,8.850,0.000
152,5,1095,69,48,147,1,21.500,8.850,0.000
153,5,1117,60,47,145,1,22.167,8.850,0.000
154,5,1138,52,46,143,1,22.833,8.850,0.000
155,5,1149,48,45,142,1,23.167,8.850,0.000
156,5,1159,44,45,140,1,23.500,8.850,0.000
157,5,1179,36,44,138,1,24.167,8.850,0.000
158,5,1198,29,44,136,1,24.833,8.850,0.000
159,5,1207,25,44,135,1,25.167,8.850,0.000
160,5,1225,18,43,133,1,25.833,8.850,0.000
161,5,1232,6,42,130,1,26.833,9.150,0.000
162,5,1240,3,42,129,1,27.167,9.150,0.000
163,5,1257,-3,42,127,1,27.833,9.150,0.000
164,5,1265,-6,42,127,1,28.167,9.150,0.000
165,5,1273,-9,42,126,1,28.500,9.150,0.000
166,5,1289,-16,42,124,1,29.167,9.150,0.000
167,5,1297,-19,42,123,1,29.500,9.150,0.000
151,6,551,151,62,167,1,14.833,12.450,0.000
152,6,564,138,60,163,1,15.500,12.750,0.000
153,6,581,132,59,162,1,15.833,12.750,0.000
154,6,593,120,58,158,1,16.500,13.050,0.000
155,6,625,109,56,155,1,17.167,13.050,0.000
156,6,640,104,56,154,1,17.500,13.050,0.000
157,6,671,95,54,151,1,18.167,13.050,0.000
158,6,691,96,54,152,1,18.167,12.750,0.000
159,6,714,80,52,148,1,19.167,13.050,0.000
160,6,729,76,52,146,1,19.500,13.050,0.000
161,6,756,67,51,144,1,20.167,13.050,0.000
162,6,783,59,50,142,1,20.833,13.050,0.000
163,6,796,54,49,140,1,21.167,13.050,0.000
164,6,821,46,48,138,1,21.833,13.050,0.000
165,6,834,42,47,137,1,22.167,13.050,0.000
166,6,858,35,46,135,1,22.833,13.050,0.000
167,6,870,31,46,134,1,23.167,13.050,0.000
168,6,893,23,45,132,1,23.833,13.050,0.000
169,6,916,16,44,130,1,24.500,13.050,0.000
170,6,938,9,43,128,1,25.167,13.050,0.000
171,6,949,6,43,127,1,25.500,13.050,0.000
172,6,970,0,42,125,1,26.167,13.050,0.000
173,6,990,-6,41,124,1,26.833,13.050,0.000
174,6,1000,-9,41,123,1,27.167,13.050,0.000
175,6,1020,-15,40,121,1,27.833,13.050,0.000
176,6,1030,-18,40,120,1,28.167,13.050,0.000
151,7,1106,85,49,153,1,20.500,8.250,0.000
152,7,1093,101,51,157,1,19.500,7.950,0.000
153,7,1081,106,52,159,1,19.167,7.950,0.000
154,7,1057,116,53,162,1,18.500,7.950,0.000
155,7,1031,127,54,165,1,17.833,7.950,0.000
156,7,1005,137,56,168,1,17.167,7.950,0.000
157,7,991,143,57,170,1,16.833,7.950,0.000
158,7,963,155,58,173,1,16.167,7.950,0.000
159,7,948,161,59,175,1,15.833,7.950,0.000
160,7,929,182,61,181,1,14.833,7.650,0.000
161,7,897,195,63,185,1,14.167,7.650,0.000
162,7,881,202,64,187,1,13.833,7.650,0.000
163,7,848,216,66,191,1,13.167,7.650,0.000
164,7,813,231,68,196,1,12.500,7.650,0.000
165,7,795,239,69,198,1,12.167,7.650,0.000
166,7,758,255,71,202,1,11.500,7.650,0.000
167,7,720,271,73,207,1,10.833,7.650,0.000
168,7,700,280,75,209,1,10.500,7.650,0.000
169,7,659,298,77,214,1,9.833,7.650,0.000
170,7,616,317,80,219,1,9.167,7.650,0.000
171,7,571,337,83,224,1,8.500,7.650,0.000
172,7,548,347,85,227,1,8.167,7.650,0.000
173,7,499,368,88,232,1,7.500,7.650,0.000
174,7,449,390,92,237,1,6.833,7.650,0.000
175,7,423,402,94,240,1,6.500,7.650,0.000
176,7,371,443,101,251,1,5.500,7.350,0.000
177,7,342,456,103,254,1,5.167,7.350,0.000
178,7,280,483,109,261,1,4.500,7.350,0.000
179,7,248,497,113,265,1,4.167,7.350,0.000
180,7,180,526,120,273,1,3.500,7.350,0.000
181,7,140,563,128,285,1,2.833,7.050,0.000
182,7,62,573,136,289,1,2.500,7.350,0.000
183,7,12,615,146,304,1,1.833,7.050,0.000
184,7,-37,633,154,312,1,1.500,7.050,0.000
151,8,1422,724,125,341,1,3.833,-1.350,0.000
152,8,1403,747,126,348,1,3.500,-1.350,0.000
153,8,1383,771,128,355,1,3.167,-1.350,0.000
151,9,747,94,54,152,1,18.500,12.150,0.000
152,9,718,104,55,155,1,17.833,12.150,0.000
153,9,687,114,56,158,1,17.167,12.150,0.000
154,9,672,119,57,159,1,16.833,12.150,0.000
155,9,640,130,59,162,1,16.167,12.150,0.000
151,10,1552,53,59,150,1,24.500,3.750,0.000
152,10,1530,67,59,153,1,23.500,3.750,0.000
153,10,1514,76,59,155,1,22.833,3.750,0.000
154,10,1498,86,59,157,1,22.167,3.750,0.000
155,10,1482,96,59,160,1,21.500,3.750,0.000
156,10,1465,106,59,162,1,20.833,3.750,0.000
157,10,1457,111,59,164,1,20.500,3.750,0.000
158,10,1439,122,59,167,1,19.833,3.750,0.000
159,10,1421,133,60,170,1,19.167,3.750,0.000
160,10,1402,144,60,173,1,18.500,3.750,0.000
161,10,1382,156,61,176,1,17.833,3.750,0.000
162,10,1372,162,61,178,1,17.500,3.750,0.000
163,10,1351,175,62,181,1,16.833,3.750,0.000
164,10,1329,188,62,185,1,16.167,3.750,0.000
165,10,1307,201,63,189,1,15.500,3.750,0.000
166,10,1283,215,64,193,1,14.833,3.750,0.000
167,10,1258,230,65,198,1,14.167,3.750,0.000
168,10,1232,245,66,203,1,13.500,3.750,0.000
169,10,1219,253,66,205,1,13.167,3.750,0.000
170,10,1191,270,67,210,1,12.500,3.750,0.000
171,10,1161,287,69,215,1,11.833,3.750,0.000
172,10,1130,305,70,221,1,11.167,3.750,0.000
173,10,1097,324,72,227,1,10.500,3.750,0.000
174,10,1047,330,74,228,1,10.167,4.050,0.000
175,10,1010,351,77,234,1,9.500,4.050,0.000
176,10,972,372,80,241,1,8.833,4.050,0.000
177,10,931,395,83,247,1,8.167,4.050,0.000
178,10,910,407,85,250,1,7.833,4.050,0.000
179,10,866,432,88,257,1,7.167,4.050,0.000
180,10,820,458,92,264,1,6.500,4.050,0.000
181,10,759,467,95,265,1,6.167,4.350,0.000
182,10,708,495,99,273,1,5.500,4.350,0.000
183,10,654,525,104,280,1,4.833,4.350,0.000
184,10,560,551,109,285,1,4.167,4.650,0.000
185,10,499,584,115,293,1,3.500,4.650,0.000
186,10,434,619,121,302,1,2.833,4.650,0.000
187,10,362,630,125,304,1,2.500,4.950,0.000
188,10,289,668,132,315,1,1.833,4.950,0.000
189,10,208,709,141,329,1,1.167,4.950,0.000
190,10,164,731,146,338,1,0.833,4.950,0.000
191,10,72,744,155,346,1,0.500,5.250,0.000
192,10,-29,760,167,358,1,0.167,5.550,0.000
151,11,1741,457,118,269,1,9.167,-1.950,0.000
152,11,1762,430,117,262,1,9.833,-1.950,0.000
153,11,1782,404,117,255,1,10.500,-1.950,0.000
154,11,1759,376,111,246,1,11.167,-1.650,0.000
155,11,1777,353,111,240,1,11.833,-1.650,0.000
156,11,1787,342,111,238,1,12.167,-1.650,0.000
157,11,1774,308,105,227,1,13.167,-1.350,0.000
158,11,1791,288,105,223,1,13.833,-1.350,0.000
159,11,1808,269,106,218,1,14.500,-1.350,0.000
160,11,1824,251,106,214,1,15.167,-1.350,0.000
161,11,1811,223,101,206,1,16.167,-1.050,0.000
151,12,1620,488,110,275,1,8.167,-1.350,0.000
152,12,1607,503,111,280,1,7.833,-1.350,0.000
153,12,1639,525,116,286,1,7.500,-1.650,0.000
151,13,815,41,47,137,1,22.167,13.350,0.000
152,13,839,34,46,134,1,22.833,13.350,0.000
153,13,863,26,45,132,1,23.500,13.350,0.000
154,13,898,15,44,130,1,24.500,13.350,0.000
155,13,916,16,44,130,1,24.500,13.050,0.000
156,13,938,9,43,128,1,25.167,13.050,0.000
151,14,755,584,107,297,1,4.167,3.150,0.000
152,14,769,544,103,287,1,4.833,3.450,0.000
153,14,757,522,101,281,1,5.167,3.750,0.000
154,14,745,501,99,275,1,5.500,4.050,0.000
155,14,759,467,95,265,1,6.167,4.350,0.000
156,14,748,448,93,260,1,6.500,4.650,0.000
157,14,737,430,91,255,1,6.833,4.950,0.000
158,14,750,401,88,246,1,7.500,5.250,0.000
159,14,740,385,86,242,1,7.833,5.550,0.000
160,14,763,374,84,239,1,8.167,5.550,0.000
161,14,774,348,81,231,1,8.833,5.850,0.000
162,14,785,324,78,224,1,9.500,6.150,0.000
163,14,805,314,77,221,1,9.833,6.150,0.000
151,15,831,100,53,155,1,18.500,10.950,0.000
152,15,825,111,55,158,1,17.833,10.650,0.000
153,15,810,116,55,160,1,17.500,10.650,0.000
154,15,803,129,57,163,1,16.833,10.350,0.000
151,16,1682,156,79,182,1,18.833,0.750,0.000
152,16,1661,148,76,179,1,19.167,1.050,0.000
153,16,1641,141,74,177,1,19.500,1.350,0.000
154,16,1629,127,71,172,1,20.167,1.650,0.000
155,16,1610,120,69,170,1,20.500,1.950,0.000
156,16,1591,113,67,167,1,20.833,2.250,0.000
157,16,1573,106,65,165,1,21.167,2.550,0.000
158,16,1564,95,63,161,1,21.833,2.850,0.000
159,16,1539,93,62,160,1,21.833,3.150,0.000
160,16,1522,87,60,158,1,22.167,3.450,0.000
161,16,1506,81,59,156,1,22.500,3.750,0.000
162,16,1491,75,57,154,1,22.833,4.050,0.000
163,16,1475,69,56,152,1,23.167,4.350,0.000
164,16,1461,63,55,150,1,23.500,4.650,0.000
165,16,1446,57,54,148,1,23.833,4.950,0.000
166,16,1432,52,53,146,1,24.167,5.250,0.000
167,16,1420,33,50,141,1,25.500,5.850,0.000
168,16,1407,28,49,139,1,25.833,6.150,0.000
169,16,1399,32,49,140,1,25.500,6.150,0.000
170,16,1394,23,48,137,1,26.167,6.450,0.000
171,16,1389,15,47,135,1,26.833,6.750,0.000
172,16,1389,15,47,135,1,26.833,6.750,0.000
173,16,1384,7,47,132,1,27.500,7.050,0.000
174,16,1380,0,46,130,1,28.167,7.350,0.000
175,16,1380,0,46,130,1,28.167,7.350,0.000
176,16,1375,-8,45,128,1,28.833,7.650,0.000
177,16,1383,-11,45,127,1,29.167,7.650,0.000
178,16,1378,-18,44,125,1,29.833,7.950,0.000
151,17,1477,595,114,305,1,5.833,-1.050,0.000
152,17,1475,660,121,323,1,4.833,-1.350,0.000
153,17,1458,681,122,329,1,4.500,-1.350,0.000
154,17,1474,733,128,346,1,3.833,-1.650,0.000
155,17,1437,781,131,360,1,3.167,-1.650,0.000
151,18,1822,175,98,194,1,18.167,-0.750,0.000
152,18,1804,160,94,189,1,18.833,-0.450,0.000
153,18,1804,160,94,189,1,18.833,-0.450,0.000
154,18,1787,145,90,184,1,19.500,-0.150,0.000
155,18,1763,138,86,181,1,19.833,0.150,0.000
156,18,1763,138,86,181,1,19.833,0.150,0.000
157,18,1748,125,83,177,1,20.500,0.450,0.000
158,18,1726,118,80,174,1,20.833,0.750,0.000
159,18,1706,111,77,171,1,21.167,1.050,0.000
160,18,1678,111,74,170,1,21.167,1.350,0.000
161,18,1666,99,72,166,1,21.833,1.650,0.000
153,19,1726,144,82,181,1,19.500,0.450,0.000
154,19,1726,144,82,181,1,19.500,0.450,0.000
155,19,1705,137,79,178,1,19.833,0.750,0.000
156,19,1691,123,77,174,1,20.500,1.050,0.000
157,19,1671,117,74,171,1,20.833,1.350,0.000
158,19,1664,123,74,172,1,20.500,1.350,0.000
154,20,1647,581,123,304,1,6.500,-1.950,0.000
155,20,1634,599,124,309,1,6.167,-1.950,0.000
156,20,1671,625,130,318,1,5.833,-2.250,0.000
157,20,1657,645,131,324,1,5.500,-2.250,0.000
158,20,1698,673,138,336,1,5.167,-2.550,0.000
155,21,825,111,55,158,1,17.833,10.650,0.000
156,21,839,106,54,157,1,18.167,10.650,0.000
157,21,853,101,53,155,1,18.500,10.650,0.000
158,21,875,103,53,156,1,18.500,10.350,0.000
159,21,880,91,52,153,1,19.167,10.650,0.000
160,21,906,82,51,150,1,19.833,10.650,0.000
161,21,919,77,50,149,1,20.167,10.650,0.000
162,21,932,73,50,147,1,20.500,10.650,0.000
163,21,944,69,49,146,1,20.833,10.650,0.000
164,21,956,64,49,145,1,21.167,10.650,0.000
165,21,980,56,48,143,1,21.833,10.650,0.000
166,21,1003,48,47,140,1,22.500,10.650,0.000
167,21,1015,44,46,139,1,22.833,10.650,0.000
168,21,1035,45,46,140,1,22.833,10.350,0.000
169,21,1047,32,45,136,1,23.833,10.650,0.000
170,21,1059,20,43,132,1,24.833,10.950,0.000
171,21,1069,17,43,131,1,25.167,10.950,0.000
172,21,1069,17,43,131,1,25.167,10.950,0.000
173,21,1079,13,42,131,1,25.500,10.950,0.000
174,21,1090,2,41,127,1,26.500,11.250,0.000
175,21,1109,3,41,128,1,26.500,10.950,0.000
176,21,1127,-2,40,126,1,27.167,10.950,0.000
177,21,1146,-9,40,124,1,27.833,10.950,0.000
178,21,1155,-12,39,124,1,28.167,10.950,0.000
179,21,1172,-18,39,122,1,28.833,10.950,0.000
180,21,1181,-21,39,121,1,29.167,10.950,0.000
181,21,1197,-27,39,120,1,29.833,10.950,0.000
182,21,1197,-27,39,120,1,29.833,10.950,0.000
156,22,5,371,118,231,1,5.833,11.250,0.000
157,22,44,347,111,223,1,6.500,11.550,0.000
158,22,105,342,104,221,1,6.833,11.250,0.000
159,22,166,311,96,211,1,7.833,11.550,0.000
160,22,194,302,93,209,1,8.167,11.550,0.000
161,22,272,288,86,205,1,8.833,11.250,0.000
162,22,320,271,82,200,1,9.500,11.250,0.000
163,22,366,255,78,196,1,10.167,11.250,0.000
164,22,389,247,77,194,1,10.500,11.250,0.000
165,22,432,232,74,190,1,11.167,11.250,0.000
166,22,473,217,71,186,1,11.833,11.250,0.000
167,22,517,212,69,185,1,12.167,10.950,0.000
168,22,555,199,67,182,1,12.833,10.950,0.000
169,22,569,183,65,177,1,13.500,11.250,0.000
157,23,213,554,122,282,1,3.167,6.750,0.000
158,23,249,538,118,277,1,3.500,6.750,0.000
159,23,315,508,111,269,1,4.167,6.750,0.000
160,23,376,480,105,262,1,4.833,6.750,0.000
161,23,434,453,100,255,1,5.500,6.750,0.000
162,23,489,427,96,249,1,6.167,6.750,0.000
163,23,540,403,92,243,1,6.833,6.750,0.000
164,23,590,380,88,237,1,7.500,6.750,0.000
165,23,637,358,85,232,1,8.167,6.750,0.000
166,23,682,337,81,226,1,8.833,6.750,0.000
167,23,725,317,79,221,1,9.500,6.750,0.000
168,23,766,298,76,216,1,10.167,6.750,0.000
169,23,785,289,75,213,1,10.500,6.750,0.000
160,24,423,204,71,181,1,12.167,12.150,0.000
161,24,382,218,73,185,1,11.500,12.150,0.000
162,24,339,232,77,189,1,10.833,12.150,0.000
163,24,293,237,79,190,1,10.500,12.450,0.000
164,24,245,252,84,194,1,9.833,12.450,0.000
165,24,195,267,89,199,1,9.167,12.450,0.000
166,24,142,283,94,204,1,8.500,12.450,0.000
167,24,84,299,102,209,1,7.833,12.450,0.000
168,24,22,316,110,215,1,7.167,12.450,0.000
169,24,-16,338,117,222,1,6.500,12.150,0.000
162,25,1622,91,67,162,1,22.167,2.250,0.000
163,25,1604,85,65,160,1,22.500,2.550,0.000
164,25,1579,84,63,159,1,22.500,2.850,0.000
165,25,1562,78,62,157,1,22.833,3.150,0.000
166,25,1546,72,60,155,1,23.167,3.450,0.000
167,25,1537,62,59,152,1,23.833,3.750,0.000
168,25,1529,52,57,149,1,24.500,4.050,0.000
169,25,1521,42,56,146,1,25.167,4.350,0.000
170,25,1528,38,56,145,1,25.500,4.350,0.000
171,25,1513,33,55,143,1,25.833,4.650,0.000
172,25,1499,28,53,141,1,26.167,4.950,0.000
173,25,1492,19,52,139,1,26.833,5.250,0.000
174,25,1478,15,51,137,1,27.167,5.550,0.000
175,25,1472,6,50,134,1,27.833,5.850,0.000
176,25,1472,6,50,134,1,27.833,5.850,0.000
177,25,1466,-1,49,132,1,28.500,6.150,0.000
178,25,1453,-5,48,131,1,28.833,6.450,0.000
179,25,1447,-12,47,128,1,29.500,6.750,0.000
180,25,1440,-9,47,129,1,29.167,6.750,0.000
181,25,1435,-16,46,127,1,29.833,7.050,0.000
182,25,1435,-16,46,127,1,29.833,7.050,0.000
183,25,1435,-16,46,127,1,29.833,7.050,0.000
159,26,1769,230,96,206,1,15.833,-0.750,0.000
160,26,1752,247,96,210,1,15.167,-0.750,0.000
161,26,1718,245,92,208,1,15.167,-0.450,0.000
162,26,1701,262,92,212,1,14.500,-0.450,0.000
163,26,1692,271,92,214,1,14.167,-0.450,0.000
164,26,1683,280,92,217,1,13.833,-0.450,0.000
165,26,1665,299,92,222,1,13.167,-0.450,0.000
166,26,1645,319,93,227,1,12.500,-0.450,0.000
167,26,1635,329,93,229,1,12.167,-0.450,0.000
168,26,1615,350,93,235,1,11.500,-0.450,0.000
169,26,1593,372,94,241,1,10.833,-0.450,0.000
170,26,1582,383,95,244,1,10.500,-0.450,0.000
171,26,1559,406,96,251,1,9.833,-0.450,0.000
172,26,1547,419,97,254,1,9.500,-0.450,0.000
173,26,1521,444,98,262,1,8.833,-0.450,0.000
174,26,1535,477,103,271,1,8.167,-0.750,0.000
175,26,1522,492,104,275,1,7.833,-0.750,0.000
176,26,1494,522,106,284,1,7.167,-0.750,0.000
177,26,1479,537,107,288,1,6.833,-0.750,0.000
178,26,1464,554,108,293,1,6.500,-0.750,0.000
179,26,1432,588,111,302,1,5.833,-0.750,0.000
180,26,1415,606,112,307,1,5.500,-0.750,0.000
181,26,1409,672,119,326,1,4.500,-1.050,0.000
182,26,1361,664,116,323,1,4.500,-0.750,0.000
183,26,1371,715,122,337,1,3.833,-1.050,0.000
184,26,1331,762,124,350,1,3.167,-1.050,0.000
185,26,1309,786,126,357,1,2.833,-1.050,0.000
186,26,1287,812,127,364,1,2.500,-1.050,0.000
160,27,1591,113,67,167,1,20.833,2.250,0.000
161,27,1573,106,65,165,1,21.167,2.550,0.000
162,27,1556,100,63,163,1,21.500,2.850,0.000
163,27,1547,88,62,159,1,22.167,3.150,0.000
164,27,1522,87,60,158,1,22.167,3.450,0.000
165,27,1506,81,59,156,1,22.500,3.750,0.000
166,27,1499,70,57,153,1,23.167,4.050,0.000
167,27,1483,64,56,151,1,23.500,4.350,0.000
168,27,1483,64,56,151,1,23.500,4.350,0.000
169,27,1468,59,55,149,1,23.833,4.650,0.000
170,27,1462,49,53,146,1,24.500,4.950,0.000
171,27,1455,39,52,143,1,25.167,5.250,0.000
172,27,1441,34,51,141,1,25.500,5.550,0.000
173,27,1435,25,50,139,1,26.167,5.850,0.000
174,27,1430,17,49,136,1,26.833,6.150,0.000
175,27,1417,12,48,135,1,27.167,6.450,0.000
176,27,1412,4,47,132,1,27.833,6.750,0.000
177,27,1412,4,47,132,1,27.833,6.750,0.000
178,27,1399,0,46,131,1,28.167,7.050,0.000
179,27,1394,-7,46,129,1,28.833,7.350,0.000
180,27,1394,-7,46,129,1,28.833,7.350,0.000
181,27,1390,-14,45,126,1,29.500,7.650,0.000
157,28,1607,503,111,280,1,7.833,-1.350,0.000
158,28,1594,518,112,284,1,7.500,-1.350,0.000
159,28,1581,534,112,288,1,7.167,-1.350,0.000
160,28,1600,574,118,300,1,6.500,-1.650,0.000
161,28,1620,617,125,314,1,5.833,-1.950,0.000
162,28,1606,636,126,320,1,5.500,-1.950,0.000
163,28,1629,686,133,336,1,4.833,-2.250,0.000
164,28,1614,707,134,343,1,4.500,-2.250,0.000
165,29,853,275,72,210,1,11.167,6.450,0.000
166,29,871,266,71,207,1,11.500,6.450,0.000
167,29,907,250,69,203,1,12.167,6.450,0.000
168,29,913,231,67,197,1,12.833,6.750,0.000
169,29,929,224,66,195,1,13.167,6.750,0.000
170,29,950,200,63,187,1,14.167,7.050,0.000
171,29,966,193,62,185,1,14.500,7.050,0.000
172,29,981,186,61,183,1,14.833,7.050,0.000
173,29,1010,173,59,180,1,15.500,7.050,0.000
174,29,1013,159,58,175,1,16.167,7.350,0.000
175,29,1040,147,56,171,1,16.833,7.350,0.000
176,29,1054,141,56,170,1,17.167,7.350,0.000
177,29,1067,136,55,168,1,17.500,7.350,0.000
178,29,1068,123,54,164,1,18.167,7.650,0.000
179,29,1081,106,52,159,1,19.167,7.950,0.000
180,29,1081,106,52,159,1,19.167,7.950,0.000
181,29,1094,90,50,154,1,20.167,8.250,0.000
182,29,1106,74,48,149,1,21.167,8.550,0.000
183,29,1117,70,48,148,1,21.500,8.550,0.000
184,29,1128,56,46,144,1,22.500,8.850,0.000
185,29,1138,52,46,143,1,22.833,8.850,0.000
186,29,1158,35,44,138,1,24.167,9.150,0.000
166,30,958,31,45,135,1,23.500,11.850,0.000
167,30,947,35,46,136,1,23.167,11.850,0.000
169,31,1679,-13,62,138,1,29.833,3.450,0.000
170,31,1657,-13,60,136,1,29.833,3.750,0.000
171,31,1657,-13,60,136,1,29.833,3.750,0.000
172,31,1636,-13,58,135,1,29.833,4.050,0.000
173,31,1629,-9,58,136,1,29.500,4.050,0.000
174,31,1617,-1,58,137,1,28.833,4.050,0.000
175,31,1604,6,58,139,1,28.167,4.050,0.000
176,31,1598,10,58,140,1,27.833,4.050,0.000
177,31,1585,18,58,141,1,27.167,4.050,0.000
178,31,1587,31,59,145,1,26.167,3.750,0.000
179,31,1580,35,59,146,1,25.833,3.750,0.000
180,31,1573,39,59,147,1,25.500,3.750,0.000
181,31,1559,48,59,149,1,24.833,3.750,0.000
182,31,1552,53,59,150,1,24.500,3.750,0.000
183,31,1537,62,59,152,1,23.833,3.750,0.000
184,31,1522,71,59,154,1,23.167,3.750,0.000
185,31,1506,81,59,156,1,22.500,3.750,0.000
186,31,1490,91,59,158,1,21.833,3.750,0.000
187,31,1474,101,59,161,1,21.167,3.750,0.000
188,31,1450,99,58,160,1,21.167,4.050,0.000
189,31,1432,109,58,163,1,20.500,4.050,0.000
190,31,1414,120,58,166,1,19.833,4.050,0.000
191,31,1395,131,59,169,1,19.167,4.050,0.000
192,31,1392,150,60,174,1,18.167,3.750,0.000
193,31,1372,162,61,178,1,17.500,3.750,0.000
194,31,1362,168,61,180,1,17.167,3.750,0.000
195,31,1367,184,63,184,1,16.500,3.450,0.000
196,31,1357,190,63,186,1,16.167,3.450,0.000
197,31,1346,197,64,188,1,15.833,3.450,0.000
198,31,1340,221,66,195,1,14.833,3.150,0.000
199,31,1328,228,66,198,1,14.500,3.150,0.000
200,31,1334,247,69,203,1,13.833,2.850,0.000
201,31,1322,255,69,206,1,13.500,2.850,0.000
202,31,1327,275,71,212,1,12.833,2.550,0.000
203,31,1314,283,72,214,1,12.500,2.550,0.000
204,31,1320,305,74,221,1,11.833,2.250,0.000
205,31,1292,324,76,226,1,11.167,2.250,0.000
206,31,1278,334,76,229,1,10.833,2.250,0.000
207,31,1283,359,79,237,1,10.167,1.950,0.000
208,31,1252,381,81,243,1,9.500,1.950,0.000
209,31,1237,392,81,247,1,9.167,1.950,0.000
210,31,1223,434,85,259,1,8.167,1.650,0.000
211,31,1188,460,87,267,1,7.500,1.650,0.000
212,31,1170,474,88,270,1,7.167,1.650,0.000
213,31,1131,503,90,278,1,6.500,1.650,0.000
214,31,1111,519,91,283,1,6.167,1.650,0.000
171,32,821,188,63,182,1,14.167,8.550,0.000
172,32,837,182,62,181,1,14.500,8.550,0.000
172,33,693,121,57,160,1,16.833,11.850,0.000
173,33,724,110,56,157,1,17.500,11.850,0.000
174,33,745,112,56,158,1,17.500,11.550,0.000
175,33,781,108,55,157,1,17.833,11.250,0.000
176,33,824,93,53,153,1,18.833,11.250,0.000
177,33,838,88,52,151,1,19.167,11.250,0.000
178,33,851,84,52,150,1,19.500,11.250,0.000
177,34,1783,298,105,225,1,13.500,-1.350,0.000
178,34,1774,308,105,227,1,13.167,-1.350,0.000
179,34,1756,328,105,232,1,12.500,-1.350,0.000
180,34,1738,350,105,238,1,11.833,-1.350,0.000
181,34,1759,376,111,246,1,11.167,-1.650,0.000
182,34,1739,400,111,252,1,10.500,-1.650,0.000
183,34,1729,412,112,256,1,10.167,-1.650,0.000
184,34,1708,438,112,263,1,9.500,-1.650,0.000
185,34,1731,471,118,273,1,8.833,-1.950,0.000
186,34,1708,500,119,281,1,8.167,-1.950,0.000
187,34,1697,515,120,285,1,7.833,-1.950,0.000
188,34,1721,554,127,298,1,7.167,-2.250,0.000
177,35,130,375,106,230,1,6.167,10.350,0.000
178,35,162,350,100,223,1,6.833,10.650,0.000
179,35,191,340,97,220,1,7.167,10.650,0.000
180,35,220,318,93,213,1,7.833,10.950,0.000
181,35,273,312,89,212,1,8.167,10.650,0.000
182,35,298,303,87,210,1,8.500,10.650,0.000
183,35,347,286,83,205,1,9.167,10.650,0.000
184,35,393,269,79,200,1,9.833,10.650,0.000
185,35,416,261,77,198,1,10.167,10.650,0.000
186,35,463,255,75,197,1,10.500,10.350,0.000
187,35,484,247,74,195,1,10.833,10.350,0.000
171,36,868,236,68,198,1,12.500,7.050,0.000
172,36,885,229,67,196,1,12.833,7.050,0.000
173,36,891,211,65,190,1,13.500,7.350,0.000
174,36,924,197,63,186,1,14.167,7.350,0.000
175,36,939,191,62,184,1,14.500,7.350,0.000
176,36,959,169,60,178,1,15.500,7.650,0.000
177,36,973,163,59,176,1,15.833,7.650,0.000
178,36,991,143,57,170,1,16.833,7.950,0.000
179,36,994,130,55,166,1,17.500,8.250,0.000
180,36,1007,125,54,164,1,17.833,8.250,0.000
181,36,997,118,54,162,1,18.167,8.550,0.000
182,36,1010,112,53,160,1,18.500,8.550,0.000
183,36,1025,96,51,155,1,19.500,8.850,0.000
184,36,1037,91,51,154,1,19.833,8.850,0.000
185,36,1051,76,49,149,1,20.833,9.150,0.000
179,37,890,70,50,146,1,20.500,11.250,0.000
180,37,903,66,49,145,1,20.833,11.250,0.000
181,37,907,56,48,142,1,21.500,11.550,0.000
182,37,919,52,48,141,1,21.833,11.550,0.000
183,37,923,43,47,138,1,22.500,11.850,0.000
184,37,939,30,45,134,1,23.500,12.150,0.000
185,37,942,22,45,132,1,24.167,12.450,0.000
186,37,956,10,43,129,1,25.167,12.750,0.000
187,37,967,7,43,128,1,25.500,12.750,0.000
188,37,988,0,42,126,1,26.167,12.750,0.000
189,37,1008,-5,41,124,1,26.833,12.750,0.000
190,37,1020,-15,40,121,1,27.833,13.050,0.000
191,37,1030,-18,40,120,1,28.167,13.050,0.000
180,38,-21,583,146,294,1,2.167,7.650,0.000
181,38,-21,583,146,294,1,2.167,7.650,0.000
182,38,-21,583,146,294,1,2.167,7.650,0.000
183,38,-29,608,150,303,1,1.833,7.350,0.000
184,38,-29,608,150,303,1,1.833,7.350,0.000
185,38,-29,608,150,303,1,1.833,7.350,0.000
186,38,-29,608,150,303,1,1.833,7.350,0.000
187,38,-29,608,150,303,1,1.833,7.350,0.000
188,38,-29,608,150,303,1,1.833,7.350,0.000
189,38,-29,608,150,303,1,1.833,7.350,0.000
190,38,-37,633,154,312,1,1.500,7.050,0.000
191,38,-37,633,154,312,1,1.500,7.050,0.000
192,38,-37,633,154,312,1,1.500,7.050,0.000
193,38,-37,633,154,312,1,1.500,7.050,0.000
194,38,-37,633,154,312,1,1.500,7.050,0.000
195,38,-37,633,154,312,1,1.500,7.050,0.000
196,38,-37,633,154,312,1,1.500,7.050,0.000
197,38,-46,660,158,321,1,1.167,6.750,0.000
198,38,-46,660,158,321,1,1.167,6.750,0.000
180,39,463,765,137,343,1,1.167,3.150,0.000
181,39,500,743,133,337,1,1.500,3.150,0.000
182,39,570,699,126,325,1,2.167,3.150,0.000
183,39,603,679,123,320,1,2.500,3.150,0.000
184,39,667,639,116,310,1,3.167,3.150,0.000
185,39,697,620,113,306,1,3.500,3.150,0.000
186,39,755,584,107,297,1,4.167,3.150,0.000
187,39,782,567,105,293,1,4.500,3.150,0.000
188,39,796,528,100,283,1,5.167,3.450,0.000
189,39,846,498,95,275,1,5.833,3.450,0.000
190,39,871,483,93,272,1,6.167,3.450,0.000
191,39,917,455,89,264,1,6.833,3.450,0.000
192,39,924,424,86,255,1,7.500,3.750,0.000
193,39,966,400,82,249,1,8.167,3.750,0.000
194,39,987,388,81,245,1,8.500,3.750,0.000
195,39,991,361,78,237,1,9.167,4.050,0.000
196,39,1029,340,75,231,1,9.833,4.050,0.000
197,39,1047,330,74,228,1,10.167,4.050,0.000
198,39,1049,307,72,221,1,10.833,4.350,0.000
199,39,1066,298,70,219,1,11.167,4.350,0.000
200,39,1084,268,67,209,1,12.167,4.650,0.000
201,39,1099,260,66,207,1,12.500,4.650,0.000
202,39,1115,233,63,199,1,13.500,4.950,0.000
203,39,1129,226,63,196,1,13.833,4.950,0.000
204,39,1157,211,61,192,1,14.500,4.950,0.000
205,39,1184,197,60,188,1,15.167,4.950,0.000
206,39,1197,191,59,186,1,15.500,4.950,0.000
207,39,1221,178,59,182,1,16.167,4.950,0.000
208,39,1233,171,58,180,1,16.500,4.950,0.000
209,39,1257,159,58,176,1,17.167,4.950,0.000
210,39,1279,147,57,173,1,17.833,4.950,0.000
211,39,1286,128,55,167,1,18.833,5.250,0.000
212,39,1311,130,56,168,1,18.833,4.950,0.000
213,39,1316,113,54,162,1,19.833,5.250,0.000
214,39,1336,102,54,160,1,20.500,5.250,0.000
215,39,1345,97,54,158,1,20.833,5.250,0.000
216,39,1364,88,53,156,1,21.500,5.250,0.000
217,39,1382,78,53,153,1,22.167,5.250,0.000
218,39,1390,74,53,152,1,22.500,5.250,0.000
219,39,1393,59,52,148,1,23.500,5.550,0.000
220,39,1410,51,52,145,1,24.167,5.550,0.000
221,39,1418,46,51,144,1,24.500,5.550,0.000
222,39,1434,38,51,142,1,25.167,5.550,0.000
223,39,1441,34,51,141,1,25.500,5.550,0.000
224,39,1450,18,50,137,1,26.833,5.850,0.000
225,39,1458,14,50,136,1,27.167,5.850,0.000
226,39,1472,6,50,134,1,27.833,5.850,0.000
227,39,1479,3,50,134,1,28.167,5.850,0.000
228,39,1493,-4,50,132,1,28.833,5.850,0.000
229,39,1493,-15,49,129,1,29.833,6.150,0.000
230,39,1513,-14,50,130,1,29.833,5.850,0.000
231,39,1513,-14,50,130,1,29.833,5.850,0.000
232,39,1513,-14,50,130,1,29.833,5.850,0.000
233,39,1533,-14,51,131,1,29.833,5.550,0.000
181,40,601,797,136,352,1,1.167,2.250,0.000
182,40,671,750,128,339,1,1.833,2.250,0.000
183,40,704,727,124,333,1,2.167,2.250,0.000
184,40,767,684,117,323,1,2.833,2.250,0.000
185,40,797,664,114,318,1,3.167,2.250,0.000
186,40,854,625,108,309,1,3.833,2.250,0.000
187,40,908,588,102,300,1,4.500,2.250,0.000
188,40,934,571,100,296,1,4.833,2.250,0.000
189,40,982,538,95,287,1,5.500,2.250,0.000
190,40,1006,522,92,283,1,5.833,2.250,0.000
191,40,1032,472,87,269,1,6.833,2.550,0.000
192,40,1053,458,85,266,1,7.167,2.550,0.000
193,40,1093,431,83,258,1,7.833,2.550,0.000
194,40,1112,419,81,255,1,8.167,2.550,0.000
195,40,1149,395,79,248,1,8.833,2.550,0.000
196,40,1165,357,76,236,1,9.833,2.850,0.000
197,40,1181,346,75,233,1,10.167,2.850,0.000
198,40,1179,322,72,226,1,10.833,3.150,0.000
199,40,1195,312,72,223,1,11.167,3.150,0.000
200,40,1193,290,69,216,1,11.833,3.450,0.000
201,40,1207,281,69,214,1,12.167,3.450,0.000
202,40,1219,253,66,205,1,13.167,3.750,0.000
203,40,1232,245,66,203,1,13.500,3.750,0.000
204,40,1229,227,64,197,1,14.167,4.050,0.000
205,40,1242,220,63,195,1,14.500,4.050,0.000
206,40,1267,205,62,190,1,15.167,4.050,0.000
207,40,1291,192,62,186,1,15.833,4.050,0.000
208,40,1302,185,61,184,1,16.167,4.050,0.000
209,40,1309,164,59,178,1,17.167,4.350,0.000
210,40,1330,152,59,174,1,17.833,4.350,0.000
211,40,1340,146,58,173,1,18.167,4.350,0.000
212,40,1361,135,58,169,1,18.833,4.350,0.000
213,40,1380,124,57,166,1,19.500,4.350,0.000
214,40,1399,113,57,163,1,20.167,4.350,0.000
215,40,1408,108,57,162,1,20.500,4.350,0.000
216,40,1426,98,57,159,1,21.167,4.350,0.000
217,40,1443,88,56,157,1,21.833,4.350,0.000
218,40,1451,83,56,155,1,22.167,4.350,0.000
219,40,1467,73,56,153,1,22.833,4.350,0.000
220,40,1475,69,56,152,1,23.167,4.350,0.000
221,40,1484,50,55,147,1,24.500,4.650,0.000
222,40,1491,46,55,146,1,24.833,4.650,0.000
223,40,1499,41,55,145,1,25.167,4.650,0.000
224,40,1513,33,55,143,1,25.833,4.650,0.000
225,40,1520,16,53,139,1,27.167,4.950,0.000
226,40,1535,21,55,140,1,26.833,4.650,0.000
227,40,1548,13,55,139,1,27.500,4.650,0.000
228,40,1547,1,54,135,1,28.500,4.950,0.000
229,40,1554,-2,54,135,1,28.833,4.950,0.000
230,40,1553,-13,53,132,1,29.833,5.250,0.000
231,40,1553,-13,53,132,1,29.833,5.250,0.000
232,40,1573,-13,54,132,1,29.833,4.950,0.000
181,41,1061,82,50,151,1,20.500,8.850,0.000
182,41,1095,69,48,147,1,21.500,8.850,0.000
183,41,1107,55,46,143,1,22.500,9.150,0.000
184,41,1128,47,45,141,1,23.167,9.150,0.000
185,41,1148,39,44,139,1,23.833,9.150,0.000
186,41,1158,35,44,138,1,24.167,9.150,0.000
187,41,1178,27,43,136,1,24.833,9.150,0.000
188,41,1195,12,42,131,1,26.167,9.450,0.000
189,41,1204,9,42,130,1,26.500,9.450,0.000
190,41,1221,2,42,129,1,27.167,9.450,0.000
191,41,1238,-4,42,127,1,27.833,9.450,0.000
192,41,1255,-10,41,125,1,28.500,9.450,0.000
193,41,1268,-23,40,122,1,29.833,9.750,0.000
194,41,1268,-23,40,122,1,29.833,9.750,0.000
182,42,1657,-13,60,136,1,29.833,3.750,0.000
183,42,1636,-13,58,135,1,29.833,4.050,0.000
184,42,1636,-13,58,135,1,29.833,4.050,0.000
185,42,1636,-13,58,135,1,29.833,4.050,0.000
186,42,1623,-5,58,137,1,29.167,4.050,0.000
187,42,1626,6,60,140,1,28.167,3.750,0.000
188,42,1604,6,58,139,1,28.167,4.050,0.000
189,42,1591,14,58,140,1,27.500,4.050,0.000
190,42,1578,22,57,142,1,26.833,4.050,0.000
191,42,1571,26,57,143,1,26.500,4.050,0.000
192,42,1551,39,57,146,1,25.500,4.050,0.000
193,42,1552,53,59,150,1,24.500,3.750,0.000
194,42,1537,62,59,152,1,23.833,3.750,0.000
195,42,1522,71,59,154,1,23.167,3.750,0.000
196,42,1506,81,59,156,1,22.500,3.750,0.000
197,42,1483,80,57,155,1,22.500,4.050,0.000
198,42,1466,89,58,158,1,21.833,4.050,0.000
199,42,1457,111,59,164,1,20.500,3.750,0.000
200,42,1439,122,59,167,1,19.833,3.750,0.000
201,42,1430,127,60,168,1,19.500,3.750,0.000
202,42,1421,133,60,170,1,19.167,3.750,0.000
203,42,1418,152,62,175,1,18.167,3.450,0.000
204,42,1398,165,62,179,1,17.500,3.450,0.000
205,42,1388,171,62,180,1,17.167,3.450,0.000
206,42,1367,184,63,184,1,16.500,3.450,0.000
207,42,1346,197,64,188,1,15.833,3.450,0.000
208,42,1323,211,65,192,1,15.167,3.450,0.000
209,42,1299,225,65,197,1,14.500,3.450,0.000
210,42,1291,251,68,205,1,13.500,3.150,0.000
211,42,1265,268,69,210,1,12.833,3.150,0.000
212,42,1252,276,69,212,1,12.500,3.150,0.000
213,42,1224,294,71,218,1,11.833,3.150,0.000
214,42,1209,303,71,220,1,11.500,3.150,0.000
215,42,1197,336,74,230,1,10.500,2.850,0.000
216,42,1165,357,76,236,1,9.833,2.850,0.000
217,42,1131,379,78,243,1,9.167,2.850,0.000
218,42,1094,402,80,250,1,8.500,2.850,0.000
219,42,1075,414,81,253,1,8.167,2.850,0.000
220,42,1035,439,84,260,1,7.500,2.850,0.000
221,42,1010,486,89,273,1,6.500,2.550,0.000
222,42,988,501,91,277,1,6.167,2.550,0.000
223,42,941,531,96,285,1,5.500,2.550,0.000
224,42,891,564,101,293,1,4.833,2.550,0.000
225,42,865,581,103,298,1,4.500,2.550,0.000
226,42,826,644,111,313,1,3.500,2.250,0.000
227,42,797,664,114,318,1,3.167,2.250,0.000
228,42,736,705,121,328,1,2.500,2.250,0.000
229,42,671,750,128,339,1,1.833,2.250,0.000
230,42,636,773,132,345,1,1.500,2.250,0.000
231,42,554,786,136,349,1,1.167,2.550,0.000
183,43,116,475,119,259,1,4.167,8.550,0.000
184,43,151,462,115,255,1,4.500,8.550,0.000
185,43,217,436,107,247,1,5.167,8.550,0.000
186,43,248,424,104,244,1,5.500,8.550,0.000
187,43,336,405,97,240,1,6.167,8.250,0.000
188,43,361,378,93,232,1,6.833,8.550,0.000
189,43,416,371,91,231,1,7.167,8.250,0.000
190,43,466,350,87,226,1,7.833,8.250,0.000
191,43,514,330,83,221,1,8.500,8.250,0.000
192,43,559,310,80,216,1,9.167,8.250,0.000
193,43,603,292,77,211,1,9.833,8.250,0.000
194,43,645,274,75,207,1,10.500,8.250,0.000
195,43,665,266,74,204,1,10.833,8.250,0.000
196,43,704,249,71,200,1,11.500,8.250,0.000
197,43,742,234,69,196,1,12.167,8.250,0.000
198,43,778,219,67,191,1,12.833,8.250,0.000
199,43,795,211,66,189,1,13.167,8.250,0.000
200,43,821,188,63,182,1,14.167,8.550,0.000
201,43,853,175,61,179,1,14.833,8.550,0.000
202,43,884,163,60,175,1,15.500,8.550,0.000
203,43,899,157,59,173,1,15.833,8.550,0.000
204,43,938,153,58,172,1,16.167,8.250,0.000
205,43,967,141,57,169,1,16.833,8.250,0.000
206,43,994,130,55,166,1,17.500,8.250,0.000
207,43,1020,119,54,163,1,18.167,8.250,0.000
208,43,1046,109,52,160,1,18.833,8.250,0.000
209,43,1070,99,51,157,1,19.500,8.250,0.000
210,43,1083,83,49,152,1,20.500,8.550,0.000
211,43,1106,85,49,153,1,20.500,8.250,0.000
212,43,1128,76,48,150,1,21.167,8.250,0.000
213,43,1139,62,47,146,1,22.167,8.550,0.000
214,43,1149,57,46,144,1,22.500,8.550,0.000
215,43,1159,44,45,140,1,23.500,8.850,0.000
216,43,1169,40,45,139,1,23.833,8.850,0.000
217,43,1179,36,44,138,1,24.167,8.850,0.000
218,43,1187,24,43,135,1,25.167,9.150,0.000
219,43,1196,20,43,134,1,25.500,9.150,0.000
220,43,1204,9,42,130,1,26.500,9.450,0.000
221,43,1213,5,42,129,1,26.833,9.450,0.000
222,43,1221,2,42,129,1,27.167,9.450,0.000
223,43,1228,-8,41,126,1,28.167,9.750,0.000
224,43,1234,-18,40,123,1,29.167,10.050,0.000
225,43,1234,-18,40,123,1,29.167,10.050,0.000
185,44,638,263,74,203,1,10.833,8.550,0.000
186,44,678,247,71,199,1,11.500,8.550,0.000
187,44,715,231,69,194,1,12.167,8.550,0.000
188,44,742,234,69,196,1,12.167,8.250,0.000
189,44,770,209,66,188,1,13.167,8.550,0.000
190,44,804,195,64,184,1,13.833,8.550,0.000
191,44,828,173,61,178,1,14.833,8.850,0.000
192,44,844,167,61,176,1,15.167,8.850,0.000
193,44,860,161,60,174,1,15.500,8.850,0.000
186,45,1096,59,47,144,1,22.167,9.150,0.000
187,45,1117,50,46,142,1,22.833,9.150,0.000
188,45,1138,43,45,140,1,23.500,9.150,0.000
189,45,1159,44,45,140,1,23.500,8.850,0.000
190,45,1179,36,44,138,1,24.167,8.850,0.000
191,45,1188,32,44,137,1,24.500,8.850,0.000
192,45,1205,17,43,133,1,25.833,9.150,0.000
193,45,1223,10,43,131,1,26.500,9.150,0.000
194,45,1240,3,42,129,1,27.167,9.150,0.000
195,45,1249,0,42,128,1,27.500,9.150,0.000
196,45,1265,-6,42,127,1,28.167,9.150,0.000
197,45,1281,-12,42,125,1,28.833,9.150,0.000
198,45,1286,-23,41,122,1,29.833,9.450,0.000
186,46,1054,56,47,143,1,22.167,9.750,0.000
187,46,1055,46,46,140,1,22.833,10.050,0.000
188,46,1066,43,46,139,1,23.167,10.050,0.000
189,46,1067,34,45,137,1,23.833,10.350,0.000
190,46,1078,30,44,135,1,24.167,10.350,0.000
191,46,1078,21,43,133,1,24.833,10.650,0.000
192,46,1089,10,42,130,1,25.833,10.950,0.000
193,46,1089,10,42,130,1,25.833,10.950,0.000
194,46,1090,2,41,127,1,26.500,11.250,0.000
195,46,1099,0,41,126,1,26.833,11.250,0.000
196,46,1109,-11,40,123,1,27.833,11.550,0.000
197,46,1109,-18,39,121,1,28.500,11.850,0.000
198,46,1118,-21,39,121,1,28.833,11.850,0.000
186,47,618,271,75,205,1,10.500,8.550,0.000
187,47,638,263,74,203,1,10.833,8.550,0.000
188,47,671,236,70,195,1,11.833,8.850,0.000
189,47,690,229,69,193,1,12.167,8.850,0.000
190,47,726,214,67,189,1,12.833,8.850,0.000
191,47,761,200,65,185,1,13.500,8.850,0.000
192,47,779,193,64,183,1,13.833,8.850,0.000
193,47,812,180,62,180,1,14.500,8.850,0.000
194,47,844,167,61,176,1,15.167,8.850,0.000
195,47,860,161,60,174,1,15.500,8.850,0.000
196,47,890,149,58,171,1,16.167,8.850,0.000
197,47,910,130,56,165,1,17.167,9.150,0.000
198,47,937,119,55,162,1,17.833,9.150,0.000
199,47,951,114,54,160,1,18.167,9.150,0.000
200,47,977,104,53,157,1,18.833,9.150,0.000
201,47,993,88,51,153,1,19.833,9.450,0.000
202,47,1005,83,50,151,1,20.167,9.450,0.000
203,47,1029,74,49,149,1,20.833,9.450,0.000
204,47,1052,66,48,146,1,21.500,9.450,0.000
205,47,1075,57,47,144,1,22.167,9.450,0.000
206,47,1086,53,46,143,1,22.500,9.450,0.000
207,47,1096,49,46,141,1,22.833,9.450,0.000
208,47,1117,41,45,139,1,23.500,9.450,0.000
209,47,1128,29,43,136,1,24.500,9.750,0.000
210,47,1138,25,43,135,1,24.833,9.750,0.000
211,47,1157,18,42,133,1,25.500,9.750,0.000
212,47,1166,14,42,132,1,25.833,9.750,0.000
213,47,1176,11,42,131,1,26.167,9.750,0.000
214,47,1175,3,41,128,1,26.833,10.050,0.000
197,48,70,366,110,228,1,6.167,10.950,0.000
198,48,64,396,115,236,1,5.500,10.350,0.000
199,48,28,407,120,240,1,5.167,10.350,0.000
196,49,1796,240,101,210,1,15.500,-1.050,0.000
197,49,1796,240,101,210,1,15.500,-1.050,0.000
198,49,1777,222,96,204,1,16.167,-0.750,0.000
199,49,1777,222,96,204,1,16.167,-0.750,0.000
200,49,1759,205,92,198,1,16.833,-0.450,0.000
201,49,1759,205,92,198,1,16.833,-0.450,0.000
202,49,1734,195,88,195,1,17.167,-0.150,0.000
203,49,1719,179,85,190,1,17.833,0.150,0.000
204,49,1696,171,82,187,1,18.167,0.450,0.000
205,49,1682,156,79,182,1,18.833,0.750,0.000
206,49,1661,148,76,179,1,19.167,1.050,0.000
207,49,1653,155,76,181,1,18.833,1.050,0.000
208,49,1641,141,74,177,1,19.500,1.350,0.000
209,49,1641,141,74,177,1,19.500,1.350,0.000
210,49,1610,120,69,170,1,20.500,1.950,0.000
211,49,1610,120,69,170,1,20.500,1.950,0.000
212,49,1599,108,67,166,1,21.167,2.250,0.000
213,49,1599,108,67,166,1,21.167,2.250,0.000
214,49,1591,113,67,167,1,20.833,2.250,0.000
215,49,1581,101,65,164,1,21.500,2.550,0.000
216,49,1581,101,65,164,1,21.500,2.550,0.000
217,49,1579,84,63,159,1,22.500,2.850,0.000
218,49,1579,84,63,159,1,22.500,2.850,0.000
219,49,1577,69,62,155,1,23.500,3.150,0.000
220,49,1584,64,62,154,1,23.833,3.150,0.000
221,49,1591,59,62,153,1,24.167,3.150,0.000
222,49,1598,54,62,152,1,24.500,3.150,0.000
223,49,1605,50,62,151,1,24.833,3.150,0.000
224,49,1612,45,62,150,1,25.167,3.150,0.000
225,49,1619,41,62,149,1,25.500,3.150,0.000
226,49,1619,41,62,149,1,25.500,3.150,0.000
227,49,1632,32,62,147,1,26.167,3.150,0.000
228,49,1639,27,63,146,1,26.500,3.150,0.000
189,50,1736,614,135,318,1,6.167,-2.550,0.000
190,50,1724,633,136,323,1,5.833,-2.550,0.000
200,51,96,604,136,298,1,2.167,6.750,0.000
201,51,138,586,131,292,1,2.500,6.750,0.000
202,51,249,560,121,284,1,3.167,6.450,0.000
203,51,318,550,116,281,1,3.500,6.150,0.000
204,51,382,520,110,273,1,4.167,6.150,0.000
205,51,447,511,107,272,1,4.500,5.850,0.000
206,51,505,482,102,265,1,5.167,5.850,0.000
207,51,593,460,97,260,1,5.833,5.550,0.000
208,51,644,433,93,254,1,6.500,5.550,0.000
209,51,693,408,90,248,1,7.167,5.550,0.000
210,51,717,397,88,245,1,7.500,5.550,0.000
211,51,773,389,86,243,1,7.833,5.250,0.000
212,51,817,367,82,237,1,8.500,5.250,0.000
213,51,879,335,78,229,1,9.500,5.250,0.000
214,51,911,339,78,230,1,9.500,4.950,0.000
215,51,949,319,75,224,1,10.167,4.950,0.000
216,51,999,313,73,223,1,10.500,4.650,0.000
217,51,1034,294,71,217,1,11.167,4.650,0.000
218,51,1084,268,67,209,1,12.167,4.650,0.000
219,51,1114,271,67,211,1,12.167,4.350,0.000
220,51,1145,255,65,205,1,12.833,4.350,0.000
221,51,1174,239,64,201,1,13.500,4.350,0.000
222,51,1216,234,64,199,1,13.833,4.050,0.000
223,51,1242,220,63,195,1,14.500,4.050,0.000
224,51,1267,205,62,190,1,15.167,4.050,0.000
225,51,1307,201,63,189,1,15.500,3.750,0.000
226,51,1329,188,62,185,1,16.167,3.750,0.000
227,51,1378,177,63,182,1,16.833,3.450,0.000
228,51,1405,180,64,183,1,16.833,3.150,0.000
229,51,1435,161,63,178,1,17.833,3.150,0.000
230,51,1471,157,64,177,1,18.167,2.850,0.000
231,51,1489,145,64,174,1,18.833,2.850,0.000
232,51,1516,146,65,175,1,18.833,2.550,0.000
233,51,1541,129,65,170,1,19.833,2.550,0.000
234,51,1558,117,65,168,1,20.500,2.550,0.000
235,51,1573,106,65,165,1,21.167,2.550,0.000
236,51,1607,102,67,165,1,21.500,2.250,0.000
237,51,1622,91,67,162,1,22.167,2.250,0.000
238,51,1636,81,67,160,1,22.833,2.250,0.000
239,51,1650,71,68,158,1,23.500,2.250,0.000
240,51,1675,71,70,159,1,23.500,1.950,0.000
241,51,1682,66,70,158,1,23.833,1.950,0.000
200,52,95,401,112,237,1,5.500,10.050,0.000
201,52,158,394,106,235,1,5.833,9.750,0.000
202,52,218,388,101,233,1,6.167,9.450,0.000
203,52,304,370,94,229,1,6.833,9.150,0.000
204,52,385,353,89,225,1,7.500,8.850,0.000
205,52,434,333,85,220,1,8.167,8.850,0.000
206,52,486,326,83,219,1,8.500,8.550,0.000
207,52,537,320,82,218,1,8.833,8.250,0.000
208,52,609,304,79,215,1,9.500,7.950,0.000
209,52,666,311,79,218,1,9.500,7.350,0.000
210,52,728,283,75,211,1,10.500,7.350,0.000
211,52,767,266,72,206,1,11.167,7.350,0.000
212,52,832,252,70,203,1,11.833,7.050,0.000
213,52,878,247,69,201,1,12.167,6.750,0.000
214,52,913,231,67,197,1,12.833,6.750,0.000
215,52,973,219,64,194,1,13.500,6.450,0.000
216,52,989,212,64,191,1,13.833,6.450,0.000
217,52,1031,207,62,190,1,14.167,6.150,0.000
202,53,844,78,51,148,1,19.833,11.550,0.000
203,53,857,73,50,147,1,20.167,11.550,0.000
204,53,870,69,50,146,1,20.500,11.550,0.000
205,53,887,55,48,141,1,21.500,11.850,0.000
206,53,912,47,47,139,1,22.167,11.850,0.000
207,53,923,43,47,138,1,22.500,11.850,0.000
208,53,935,39,46,137,1,22.833,11.850,0.000
209,53,950,27,45,133,1,23.833,12.150,0.000
210,53,969,28,45,134,1,23.833,11.850,0.000
211,53,983,16,44,130,1,24.833,12.150,0.000
212,53,1002,17,44,131,1,24.833,11.850,0.000
213,53,1014,6,42,128,1,25.833,12.150,0.000
214,53,1024,2,42,127,1,26.167,12.150,0.000
215,53,1044,-3,41,125,1,26.833,12.150,0.000
216,53,1054,-6,41,124,1,27.167,12.150,0.000
217,53,1064,-9,40,123,1,27.500,12.150,0.000
218,53,1074,-19,39,120,1,28.500,12.450,0.000
219,53,1092,-19,39,121,1,28.500,12.150,0.000
205,54,1687,10,65,144,1,27.833,2.850,0.000
206,54,1642,10,61,142,1,27.833,3.450,0.000
207,54,1613,14,59,141,1,27.500,3.750,0.000
208,54,1578,22,57,142,1,26.833,4.050,0.000
209,54,1528,25,55,141,1,26.500,4.650,0.000
210,54,1484,36,53,143,1,25.500,4.950,0.000
211,54,1455,39,52,143,1,25.167,5.250,0.000
212,54,1404,41,50,143,1,24.833,5.850,0.000
213,54,1366,48,50,144,1,24.167,6.150,0.000
214,54,1328,55,49,145,1,23.500,6.450,0.000
215,54,1297,58,49,146,1,23.167,6.750,0.000
216,54,1257,65,48,148,1,22.500,7.050,0.000
217,54,1215,72,48,149,1,21.833,7.350,0.000
218,54,1161,73,48,149,1,21.500,7.950,0.000
219,54,1106,85,49,153,1,20.500,8.250,0.000
220,54,1060,93,51,155,1,19.833,8.550,0.000
221,54,1013,101,52,157,1,19.167,8.850,0.000
222,54,968,97,52,155,1,19.167,9.450,0.000
223,54,932,101,53,156,1,18.833,9.750,0.000
224,54,906,111,54,159,1,18.167,9.750,0.000
225,54,855,119,55,161,1,17.500,10.050,0.000
226,54,818,123,56,162,1,17.167,10.350,0.000
227,54,781,127,57,163,1,16.833,10.650,0.000
206,55,775,84,52,149,1,19.167,12.150,0.000
207,55,782,74,51,146,1,19.833,12.450,0.000
208,55,796,70,51,145,1,20.167,12.450,0.000
209,55,802,60,49,142,1,20.833,12.750,0.000
210,55,796,54,49,140,1,21.167,13.050,0.000
207,56,1822,175,98,194,1,18.167,-0.750,0.000
208,56,1797,167,93,190,1,18.500,-0.450,0.000
209,56,1772,159,89,187,1,18.833,-0.150,0.000
210,56,1756,145,86,183,1,19.500,0.150,0.000
211,56,1741,131,83,178,1,20.167,0.450,0.000
212,56,1734,138,82,179,1,19.833,0.450,0.000
213,56,1719,124,80,175,1,20.500,0.750,0.000
214,56,1706,111,77,171,1,21.167,1.050,0.000
215,56,1693,99,74,167,1,21.833,1.350,0.000
216,56,1673,93,72,165,1,22.167,1.650,0.000
217,56,1661,82,70,161,1,22.833,1.950,0.000
218,56,1636,81,67,160,1,22.833,2.250,0.000
219,56,1629,86,67,161,1,22.500,2.250,0.000
210,57,1078,21,43,133,1,24.833,10.650,0.000
211,57,1058,29,44,135,1,24.167,10.650,0.000
212,57,1037,36,45,137,1,23.500,10.650,0.000
213,57,1026,40,46,138,1,23.167,10.650,0.000
214,57,992,52,47,141,1,22.167,10.650,0.000
215,57,980,56,48,143,1,21.833,10.650,0.000
216,57,956,64,49,145,1,21.167,10.650,0.000
217,57,923,67,49,146,1,20.833,10.950,0.000
218,57,898,76,50,148,1,20.167,10.950,0.000
219,57,864,79,51,149,1,19.833,11.250,0.000
220,57,838,88,52,151,1,19.167,11.250,0.000
221,57,810,98,54,154,1,18.500,11.250,0.000
222,57,781,108,55,157,1,17.833,11.250,0.000
223,57,760,107,55,156,1,17.833,11.550,0.000
224,57,730,117,56,159,1,17.167,11.550,0.000
225,57,683,133,58,163,1,16.167,11.550,0.000
226,57,651,144,60,166,1,15.500,11.550,0.000
227,57,617,156,62,170,1,14.833,11.550,0.000
228,57,582,168,63,173,1,14.167,11.550,0.000
229,57,542,173,65,174,1,13.833,11.850,0.000
230,57,505,186,67,177,1,13.167,11.850,0.000
231,57,466,199,69,181,1,12.500,11.850,0.000
232,57,426,213,72,184,1,11.833,11.850,0.000
233,57,405,220,73,186,1,11.500,11.850,0.000
234,57,363,235,76,190,1,10.833,11.850,0.000
235,57,318,250,80,194,1,10.167,11.850,0.000
236,57,270,265,84,198,1,9.500,11.850,0.000
237,57,246,285,87,204,1,8.833,11.550,0.000
238,57,194,302,93,209,1,8.167,11.550,0.000
239,57,166,311,96,211,1,7.833,11.550,0.000
240,57,108,329,103,217,1,7.167,11.550,0.000
241,57,73,352,108,224,1,6.500,11.250,0.000
242,57,5,371,118,231,1,5.833,11.250,0.000
243,57,1,387,121,235,1,5.500,10.950,0.000
214,58,1829,168,98,193,1,18.500,-0.750,0.000
215,58,1822,175,98,194,1,18.167,-0.750,0.000
216,58,1815,183,97,196,1,17.833,-0.750,0.000
217,58,1800,198,97,199,1,17.167,-0.750,0.000
218,58,1785,214,97,202,1,16.500,-0.750,0.000
219,58,1777,222,96,204,1,16.167,-0.750,0.000
220,58,1769,230,96,206,1,15.833,-0.750,0.000
221,58,1752,247,96,210,1,15.167,-0.750,0.000
222,58,1744,256,96,212,1,14.833,-0.750,0.000
223,58,1727,274,96,216,1,14.167,-0.750,0.000
224,58,1718,283,96,219,1,13.833,-0.750,0.000
225,58,1700,302,96,223,1,13.167,-0.750,0.000
226,58,1691,312,96,226,1,12.833,-0.750,0.000
227,58,1699,346,101,236,1,11.833,-1.050,0.000
228,58,1689,357,101,239,1,11.500,-1.050,0.000
229,58,1669,380,102,245,1,10.833,-1.050,0.000
230,58,1659,391,102,248,1,10.500,-1.050,0.000
231,58,1637,416,103,255,1,9.833,-1.050,0.000
232,58,1614,441,104,262,1,9.167,-1.050,0.000
233,58,1602,455,105,265,1,8.833,-1.050,0.000
234,58,1577,483,106,273,1,8.167,-1.050,0.000
235,58,1564,497,107,277,1,7.833,-1.050,0.000
236,58,1537,528,109,286,1,7.167,-1.050,0.000
237,58,1523,544,110,290,1,6.833,-1.050,0.000
238,58,1493,577,112,300,1,6.167,-1.050,0.000
239,58,1461,613,115,310,1,5.500,-1.050,0.000
240,58,1444,632,116,315,1,5.167,-1.050,0.000
241,58,1409,672,119,326,1,4.500,-1.050,0.000
242,58,1391,693,120,331,1,4.167,-1.050,0.000
243,58,1371,715,122,337,1,3.833,-1.050,0.000
244,58,1351,738,123,344,1,3.500,-1.050,0.000
245,58,1363,796,129,362,1,2.833,-1.350,0.000
216,59,107,535,127,277,1,3.167,7.650,0.000
217,59,145,520,122,272,1,3.500,7.650,0.000
218,59,215,491,114,263,1,4.167,7.650,0.000
219,59,280,464,107,256,1,4.833,7.650,0.000
220,59,340,438,101,249,1,5.500,7.650,0.000
221,59,396,414,96,243,1,6.167,7.650,0.000
222,59,449,390,92,237,1,6.833,7.650,0.000
223,59,499,368,88,232,1,7.500,7.650,0.000
224,59,542,333,83,222,1,8.500,7.950,0.000
225,59,616,317,80,219,1,9.167,7.650,0.000
226,59,659,298,77,214,1,9.833,7.650,0.000
227,59,700,280,75,209,1,10.500,7.650,0.000
228,59,739,263,72,205,1,11.167,7.650,0.000
229,59,777,247,70,200,1,11.833,7.650,0.000
230,59,795,239,69,198,1,12.167,7.650,0.000
231,59,848,216,66,191,1,13.167,7.650,0.000
232,59,881,202,64,187,1,13.833,7.650,0.000
233,59,913,188,62,183,1,14.500,7.650,0.000
234,59,944,175,60,180,1,15.167,7.650,0.000
235,59,973,163,59,176,1,15.833,7.650,0.000
236,59,1016,145,56,171,1,16.833,7.650,0.000
237,59,1042,134,55,167,1,17.500,7.650,0.000
238,59,1079,130,54,166,1,17.833,7.350,0.000
239,59,1104,120,53,163,1,18.500,7.350,0.000
240,59,1128,110,51,160,1,19.167,7.350,0.000
241,59,1151,100,50,157,1,19.833,7.350,0.000
242,59,1174,90,49,155,1,20.500,7.350,0.000
243,59,1195,81,49,152,1,21.167,7.350,0.000
244,59,1204,66,47,147,1,22.167,7.650,0.000
245,59,1223,58,47,145,1,22.833,7.650,0.000
246,59,1242,49,47,143,1,23.500,7.650,0.000
247,59,1261,41,46,141,1,24.167,7.650,0.000
248,59,1270,38,46,140,1,24.500,7.650,0.000
249,59,1284,21,45,135,1,25.833,7.950,0.000
250,59,1293,18,45,134,1,26.167,7.950,0.000
251,59,1309,11,45,132,1,26.833,7.950,0.000
252,59,1314,0,44,129,1,27.833,8.250,0.000
253,59,1322,-3,44,128,1,28.167,8.250,0.000
254,59,1326,-14,43,125,1,29.167,8.550,0.000
255,59,1334,-17,43,125,1,29.500,8.550,0.000
215,60,1067,551,94,291,1,5.500,1.650,0.000
216,60,1020,585,98,300,1,4.833,1.650,0.000
217,60,970,621,103,309,1,4.167,1.650,0.000
218,60,917,660,109,318,1,3.500,1.650,0.000
219,60,888,681,112,323,1,3.167,1.650,0.000
220,60,829,724,119,333,1,2.500,1.650,0.000
221,60,798,746,122,339,1,2.167,1.650,0.000
222,60,766,770,126,345,1,1.833,1.650,0.000
218,61,1675,71,70,159,1,23.500,1.950,0.000
219,61,1680,88,72,164,1,22.500,1.650,0.000
220,61,1673,93,72,165,1,22.167,1.650,0.000
221,61,1673,93,72,165,1,22.167,1.650,0.000
222,61,1678,111,74,170,1,21.167,1.350,0.000
223,61,1678,111,74,170,1,21.167,1.350,0.000
224,61,1684,130,76,175,1,20.167,1.050,0.000
225,61,1697,143,79,179,1,19.500,0.750,0.000
226,61,1697,143,79,179,1,19.500,0.750,0.000
227,61,1704,164,82,185,1,18.500,0.450,0.000
228,61,1711,187,85,192,1,17.500,0.150,0.000
229,61,1711,187,85,192,1,17.500,0.150,0.000
230,61,1718,211,88,198,1,16.500,-0.150,0.000
231,61,1710,219,88,200,1,16.167,-0.150,0.000
232,61,1702,227,88,202,1,15.833,-0.150,0.000
233,61,1710,254,92,210,1,14.833,-0.450,0.000
234,61,1701,262,92,212,1,14.500,-0.450,0.000
235,61,1683,280,92,217,1,13.833,-0.450,0.000
236,61,1674,290,92,219,1,13.500,-0.450,0.000
237,61,1655,309,92,224,1,12.833,-0.450,0.000
238,61,1645,319,93,227,1,12.500,-0.450,0.000
239,61,1652,353,97,237,1,11.500,-0.750,0.000
240,61,1641,364,97,240,1,11.167,-0.750,0.000
241,61,1620,387,98,246,1,10.500,-0.750,0.000
242,61,1597,411,99,253,1,9.833,-0.750,0.000
243,61,1574,436,101,260,1,9.167,-0.750,0.000
244,61,1548,463,102,267,1,8.500,-0.750,0.000
245,61,1508,458,99,265,1,8.500,-0.450,0.000
246,61,1481,486,101,273,1,7.833,-0.450,0.000
247,61,1451,515,103,282,1,7.167,-0.450,0.000
248,61,1420,547,105,291,1,6.500,-0.450,0.000
249,61,1387,581,108,300,1,5.833,-0.450,0.000
250,61,1325,592,106,302,1,5.500,-0.150,0.000
251,61,1287,629,109,312,1,4.833,-0.150,0.000
252,61,1246,668,111,323,1,4.167,-0.150,0.000
253,61,1203,711,114,334,1,3.500,-0.150,0.000
254,61,1131,725,111,336,1,3.167,0.150,0.000
255,61,1106,748,113,342,1,2.833,0.150,0.000
218,62,1075,187,60,184,1,15.167,6.150,0.000
219,62,1102,174,58,180,1,15.833,6.150,0.000
220,62,1142,170,57,179,1,16.167,5.850,0.000
221,62,1167,158,56,176,1,16.833,5.850,0.000
222,62,1192,146,55,172,1,17.500,5.850,0.000
223,62,1226,130,54,167,1,18.500,5.850,0.000
224,62,1251,132,55,168,1,18.500,5.550,0.000
225,62,1272,121,54,165,1,19.167,5.550,0.000
226,62,1292,111,54,162,1,19.833,5.550,0.000
227,62,1322,96,53,157,1,20.833,5.550,0.000
228,62,1331,91,53,156,1,21.167,5.550,0.000
223,63,1474,817,136,374,1,2.833,-1.950,0.000
224,63,1492,791,135,366,1,3.167,-1.950,0.000
225,63,1510,767,134,358,1,3.500,-1.950,0.000
226,63,1528,743,132,351,1,3.833,-1.950,0.000
227,63,1561,698,130,338,1,4.500,-1.950,0.000
228,63,1576,677,128,331,1,4.833,-1.950,0.000
229,63,1644,665,132,330,1,5.167,-2.250,0.000
230,63,1657,645,131,324,1,5.500,-2.250,0.000
231,63,1684,606,129,313,1,6.167,-2.250,0.000
232,63,1697,588,128,308,1,6.500,-2.250,0.000
233,63,1709,571,128,303,1,6.833,-2.250,0.000
234,63,1733,537,126,293,1,7.500,-2.250,0.000
235,63,1744,521,126,289,1,7.833,-2.250,0.000
225,64,1286,-23,41,122,1,29.833,9.450,0.000
226,64,1279,-19,41,123,1,29.500,9.450,0.000
227,64,1271,-16,41,124,1,29.167,9.450,0.000
228,64,1255,-10,41,125,1,28.500,9.450,0.000
229,64,1247,-7,41,126,1,28.167,9.450,0.000
230,64,1230,0,42,128,1,27.500,9.450,0.000
231,64,1213,5,42,129,1,26.833,9.450,0.000
232,64,1204,9,42,130,1,26.500,9.450,0.000
233,64,1195,12,42,131,1,26.167,9.450,0.000
234,64,1178,27,43,136,1,24.833,9.150,0.000
235,64,1178,27,43,136,1,24.833,9.150,0.000
236,64,1158,35,44,138,1,24.167,9.150,0.000
237,64,1148,39,44,139,1,23.833,9.150,0.000
238,64,1138,43,45,140,1,23.500,9.150,0.000
239,64,1128,56,46,144,1,22.500,8.850,0.000
240,64,1106,64,47,146,1,21.833,8.850,0.000
241,64,1095,69,48,147,1,21.500,8.850,0.000
242,64,1073,77,49,150,1,20.833,8.850,0.000
243,64,1061,82,50,151,1,20.500,8.850,0.000
244,64,1037,91,51,154,1,19.833,8.850,0.000
245,64,1013,101,52,157,1,19.167,8.850,0.000
246,64,1000,106,53,158,1,18.833,8.850,0.000
247,64,987,111,53,160,1,18.500,8.850,0.000
248,64,970,128,55,165,1,17.500,8.550,0.000
249,64,957,134,56,167,1,17.167,8.550,0.000
250,64,928,145,57,170,1,16.500,8.550,0.000
251,64,914,151,58,172,1,16.167,8.550,0.000
252,64,899,157,59,173,1,15.833,8.550,0.000
253,64,869,169,61,177,1,15.167,8.550,0.000
254,64,853,175,61,179,1,14.833,8.550,0.000
255,64,829,197,64,185,1,13.833,8.250,0.000
256,64,804,195,64,184,1,13.833,8.550,0.000
257,64,770,209,66,188,1,13.167,8.550,0.000
258,64,752,216,67,190,1,12.833,8.550,0.000
259,64,715,231,69,194,1,12.167,8.550,0.000
260,64,697,239,70,196,1,11.833,8.550,0.000
261,64,658,255,72,201,1,11.167,8.550,0.000
262,64,618,271,75,205,1,10.500,8.550,0.000
263,64,597,280,76,207,1,10.167,8.550,0.000
264,64,559,310,80,216,1,9.167,8.250,0.000
265,64,537,320,82,218,1,8.833,8.250,0.000
266,64,490,340,85,223,1,8.167,8.250,0.000
267,64,466,350,87,226,1,7.833,8.250,0.000
268,64,416,371,91,231,1,7.167,8.250,0.000
269,64,390,382,93,234,1,6.833,8.250,0.000
270,64,336,405,97,240,1,6.167,8.250,0.000
271,64,307,417,100,243,1,5.833,8.250,0.000
272,64,248,441,106,249,1,5.167,8.250,0.000
273,64,216,472,111,258,1,4.500,7.950,0.000
274,64,149,480,117,260,1,4.167,8.250,0.000
275,64,110,514,124,270,1,3.500,7.950,0.000
276,64,35,523,133,274,1,3.167,8.250,0.000
277,64,-14,560,143,287,1,2.500,7.950,0.000
278,64,-21,583,146,294,1,2.167,7.650,0.000
226,65,-14,435,128,249,1,4.500,10.050,0.000
227,65,24,424,122,245,1,4.833,10.050,0.000
228,65,64,396,115,236,1,5.500,10.350,0.000
229,65,160,379,104,231,1,6.167,10.050,0.000
230,65,191,354,99,224,1,6.833,10.350,0.000
231,65,219,344,96,221,1,7.167,10.350,0.000
232,65,300,329,90,217,1,7.833,10.050,0.000
233,65,326,319,87,214,1,8.167,10.050,0.000
234,65,351,310,85,212,1,8.500,10.050,0.000
235,65,399,292,81,207,1,9.167,10.050,0.000
226,66,1774,308,105,227,1,13.167,-1.350,0.000
227,66,1765,318,105,230,1,12.833,-1.350,0.000
228,66,1747,339,105,235,1,12.167,-1.350,0.000
229,66,1738,350,105,238,1,11.833,-1.350,0.000
230,66,1749,388,111,249,1,10.833,-1.650,0.000
231,66,1739,400,111,252,1,10.500,-1.650,0.000
232,66,1729,412,112,256,1,10.167,-1.650,0.000
233,66,1708,438,112,263,1,9.500,-1.650,0.000
234,66,1686,465,113,270,1,8.833,-1.650,0.000
235,66,1663,494,114,278,1,8.167,-1.650,0.000
236,66,1639,525,116,286,1,7.500,-1.650,0.000
237,66,1626,541,117,291,1,7.167,-1.650,0.000
238,66,1647,581,123,304,1,6.500,-1.950,0.000
239,66,1634,599,124,309,1,6.167,-1.950,0.000
240,66,1657,645,131,324,1,5.500,-2.250,0.000
241,66,1644,665,132,330,1,5.167,-2.250,0.000
242,66,1629,686,133,336,1,4.833,-2.250,0.000
243,66,1656,739,141,357,1,4.167,-2.550,0.000
244,66,1641,763,142,365,1,3.833,-2.550,0.000
229,67,18,768,162,359,1,0.167,5.250,0.000
230,67,26,736,158,345,1,0.500,5.550,0.000
231,67,77,713,151,335,1,0.833,5.550,0.000
232,67,128,663,141,316,1,1.500,5.850,0.000
233,67,171,644,136,309,1,1.833,5.850,0.000
234,67,249,607,127,298,1,2.500,5.850,0.000
235,67,284,566,120,286,1,3.167,6.150,0.000
236,67,351,535,113,277,1,3.833,6.150,0.000
237,67,382,520,110,273,1,4.167,6.150,0.000
238,67,442,490,105,266,1,4.833,6.150,0.000
239,67,471,476,102,263,1,5.167,6.150,0.000
240,67,494,445,98,254,1,5.833,6.450,0.000
241,67,520,432,96,251,1,6.167,6.450,0.000
242,67,572,407,92,245,1,6.833,6.450,0.000
243,67,597,395,90,242,1,7.167,6.450,0.000
244,67,614,369,86,234,1,7.833,6.750,0.000
245,67,637,358,85,232,1,8.167,6.750,0.000
246,67,674,324,80,222,1,9.167,7.050,0.000
247,67,716,304,77,217,1,9.833,7.050,0.000
248,67,737,295,76,214,1,10.167,7.050,0.000
249,67,776,277,73,210,1,10.833,7.050,0.000
250,67,805,280,73,211,1,10.833,6.750,0.000
251,67,842,263,71,206,1,11.500,6.750,0.000
252,67,878,247,69,201,1,12.167,6.750,0.000
253,67,913,231,67,197,1,12.833,6.750,0.000
254,67,945,216,65,193,1,13.500,6.750,0.000
255,67,973,219,64,194,1,13.500,6.450,0.000
256,67,1004,205,63,189,1,14.167,6.450,0.000
257,67,1019,198,62,187,1,14.500,6.450,0.000
258,67,1048,185,60,183,1,15.167,6.450,0.000
259,67,1062,178,59,181,1,15.500,6.450,0.000
260,67,1103,160,57,176,1,16.500,6.450,0.000
261,67,1129,148,55,172,1,17.167,6.450,0.000
262,67,1141,142,54,170,1,17.500,6.450,0.000
263,67,1165,131,53,167,1,18.167,6.450,0.000
264,67,1177,126,53,166,1,18.500,6.450,0.000
265,67,1200,115,52,162,1,19.167,6.450,0.000
266,67,1209,98,51,157,1,20.167,6.750,0.000
267,67,1219,94,50,156,1,20.500,6.750,0.000
268,67,1240,84,50,153,1,21.167,6.750,0.000
269,67,1260,75,49,151,1,21.833,6.750,0.000
270,67,1282,77,50,151,1,21.833,6.450,0.000
271,67,1301,68,50,149,1,22.500,6.450,0.000
272,67,1319,59,49,147,1,23.167,6.450,0.000
273,67,1324,45,48,143,1,24.167,6.750,0.000
274,67,1332,41,48,142,1,24.500,6.750,0.000
275,67,1349,34,48,140,1,25.167,6.750,0.000
276,67,1357,30,48,139,1,25.500,6.750,0.000
277,67,1361,17,47,135,1,26.500,7.050,0.000
278,67,1369,14,47,134,1,26.833,7.050,0.000
279,67,1377,10,47,133,1,27.167,7.050,0.000
280,67,1384,7,47,132,1,27.500,7.050,0.000
281,67,1392,3,47,132,1,27.833,7.050,0.000
282,67,1394,-7,46,129,1,28.833,7.350,0.000
283,67,1402,-10,46,128,1,29.167,7.350,0.000
284,67,1409,-14,46,127,1,29.500,7.350,0.000
230,68,662,160,62,171,1,14.833,10.950,0.000
231,68,628,172,63,175,1,14.167,10.950,0.000
232,68,574,192,66,180,1,13.167,10.950,0.000
233,68,536,205,68,184,1,12.500,10.950,0.000
234,68,497,220,71,187,1,11.833,10.950,0.000
235,68,456,235,73,191,1,11.167,10.950,0.000
236,68,413,250,76,195,1,10.500,10.950,0.000
237,68,366,255,78,196,1,10.167,11.250,0.000
238,68,345,274,81,201,1,9.500,10.950,0.000
239,68,296,280,84,203,1,9.167,11.250,0.000
240,68,272,300,88,208,1,8.500,10.950,0.000
241,68,220,318,93,213,1,7.833,10.950,0.000
242,68,192,327,96,216,1,7.500,10.950,0.000
243,68,134,346,102,222,1,6.833,10.950,0.000
244,68,73,352,108,224,1,6.500,11.250,0.000
234,69,1615,-13,57,134,1,29.833,4.350,0.000
235,69,1602,-5,57,136,1,29.167,4.350,0.000
236,69,1589,1,56,137,1,28.500,4.350,0.000
237,69,1575,-2,55,135,1,28.833,4.650,0.000
238,69,1570,13,56,139,1,27.500,4.350,0.000
239,69,1563,17,56,140,1,27.167,4.350,0.000
240,69,1549,25,56,142,1,26.500,4.350,0.000
241,69,1535,34,56,144,1,25.833,4.350,0.000
242,69,1528,38,56,145,1,25.500,4.350,0.000
243,69,1521,56,57,150,1,24.167,4.050,0.000
244,69,1514,61,57,151,1,23.833,4.050,0.000
245,69,1506,65,57,152,1,23.500,4.050,0.000
246,69,1491,75,57,154,1,22.833,4.050,0.000
247,69,1475,84,57,156,1,22.167,4.050,0.000
248,69,1474,101,59,161,1,21.167,3.750,0.000
249,69,1465,106,59,162,1,20.833,3.750,0.000
250,69,1448,116,59,165,1,20.167,3.750,0.000
251,69,1446,135,61,170,1,19.167,3.450,0.000
252,69,1428,146,61,174,1,18.500,3.450,0.000
253,69,1425,167,63,180,1,17.500,3.150,0.000
254,69,1398,165,62,179,1,17.500,3.450,0.000
255,69,1395,186,64,185,1,16.500,3.150,0.000
256,69,1357,190,63,186,1,16.167,3.450,0.000
257,69,1340,221,66,195,1,14.833,3.150,0.000
258,69,1316,236,67,200,1,14.167,3.150,0.000
259,69,1291,251,68,205,1,13.500,3.150,0.000
260,69,1279,260,68,207,1,13.167,3.150,0.000
261,69,1252,276,69,212,1,12.500,3.150,0.000
262,69,1224,294,71,218,1,11.833,3.150,0.000
263,69,1195,312,72,223,1,11.167,3.150,0.000
264,69,1179,322,72,226,1,10.833,3.150,0.000
265,69,1147,342,74,232,1,10.167,3.150,0.000
266,69,1131,379,78,243,1,9.167,2.850,0.000
267,69,1094,402,80,250,1,8.500,2.850,0.000
268,69,1055,426,82,257,1,7.833,2.850,0.000
269,69,1035,439,84,260,1,7.500,2.850,0.000
270,69,993,466,88,268,1,6.833,2.850,0.000
271,69,948,495,92,275,1,6.167,2.850,0.000
272,69,901,525,96,283,1,5.500,2.850,0.000
273,69,850,557,101,291,1,4.833,2.850,0.000
274,69,839,599,106,302,1,4.167,2.550,0.000
275,69,782,636,112,311,1,3.500,2.550,0.000
276,69,753,655,115,315,1,3.167,2.550,0.000
277,69,704,727,124,333,1,2.167,2.250,0.000
278,69,671,750,128,339,1,1.833,2.250,0.000
279,69,601,797,136,352,1,1.167,2.250,0.000
280,69,564,822,140,359,1,0.833,2.250,0.000
229,70,1359,77,52,152,1,22.167,5.550,0.000
230,70,1376,68,52,150,1,22.833,5.550,0.000
231,70,1385,63,52,149,1,23.167,5.550,0.000
232,70,1402,55,52,147,1,23.833,5.550,0.000
233,70,1404,41,50,143,1,24.833,5.850,0.000
234,70,1412,37,50,142,1,25.167,5.850,0.000
235,70,1428,29,50,140,1,25.833,5.850,0.000
236,70,1435,25,50,139,1,26.167,5.850,0.000
237,70,1450,18,50,137,1,26.833,5.850,0.000
238,70,1465,10,50,135,1,27.500,5.850,0.000
239,70,1486,0,50,133,1,28.500,5.850,0.000
240,70,1499,3,51,134,1,28.167,5.550,0.000
227,71,1318,-11,43,126,1,28.833,8.550,0.000
228,71,1303,-4,43,128,1,28.167,8.550,0.000
229,71,1295,-1,43,129,1,27.833,8.550,0.000
230,71,1287,2,43,129,1,27.500,8.550,0.000
231,71,1270,8,43,131,1,26.833,8.550,0.000
232,71,1262,12,44,132,1,26.500,8.550,0.000
233,71,1245,19,44,134,1,25.833,8.550,0.000
234,71,1236,23,44,135,1,25.500,8.550,0.000
235,71,1229,35,45,138,1,24.500,8.250,0.000
236,71,1219,39,45,139,1,24.167,8.250,0.000
237,71,1199,37,45,139,1,24.167,8.550,0.000
238,71,1191,51,46,143,1,23.167,8.250,0.000
239,71,1171,59,46,145,1,22.500,8.250,0.000
240,71,1171,59,46,145,1,22.500,8.250,0.000
241,71,1150,67,47,147,1,21.833,8.250,0.000
242,71,1139,82,49,152,1,20.833,7.950,0.000
243,71,1117,81,49,151,1,20.833,8.250,0.000
244,71,1094,90,50,154,1,20.167,8.250,0.000
245,71,1082,94,51,155,1,19.833,8.250,0.000
246,71,1058,104,52,158,1,19.167,8.250,0.000
247,71,1046,109,52,160,1,18.833,8.250,0.000
248,71,1031,127,54,165,1,17.833,7.950,0.000
249,71,1018,132,55,167,1,17.500,7.950,0.000
250,71,1005,137,56,168,1,17.167,7.950,0.000
251,71,977,149,57,172,1,16.500,7.950,0.000
252,71,963,155,58,173,1,16.167,7.950,0.000
253,71,944,175,60,180,1,15.167,7.650,0.000
254,71,929,182,61,181,1,14.833,7.650,0.000
255,71,897,195,63,185,1,14.167,7.650,0.000
256,71,881,202,64,187,1,13.833,7.650,0.000
257,71,848,216,66,191,1,13.167,7.650,0.000
258,71,831,223,67,194,1,12.833,7.650,0.000
259,71,804,249,70,201,1,11.833,7.350,0.000
260,71,786,257,71,204,1,11.500,7.350,0.000
261,71,739,263,72,205,1,11.167,7.650,0.000
262,71,700,280,75,209,1,10.500,7.650,0.000
263,71,679,289,76,212,1,10.167,7.650,0.000
264,71,637,307,79,216,1,9.500,7.650,0.000
265,71,593,327,82,221,1,8.833,7.650,0.000
266,71,571,337,83,224,1,8.500,7.650,0.000
267,71,548,347,85,227,1,8.167,7.650,0.000
268,71,499,368,88,232,1,7.500,7.650,0.000
269,71,475,379,90,235,1,7.167,7.650,0.000
270,71,423,402,94,240,1,6.500,7.650,0.000
271,71,399,430,98,248,1,5.833,7.350,0.000
272,71,342,456,103,254,1,5.167,7.350,0.000
273,71,312,469,106,258,1,4.833,7.350,0.000
274,71,248,497,113,265,1,4.167,7.350,0.000
275,71,215,511,116,269,1,3.833,7.350,0.000
276,71,143,541,125,278,1,3.167,7.350,0.000
277,71,100,580,133,290,1,2.500,7.050,0.000
278,71,57,597,139,297,1,2.167,7.050,0.000
279,71,12,615,146,304,1,1.833,7.050,0.000
232,72,423,204,71,181,1,12.167,12.150,0.000
233,72,384,227,74,188,1,11.167,11.850,0.000
234,72,366,255,78,196,1,10.167,11.250,0.000
234,73,1651,-9,60,137,1,29.500,3.750,0.000
235,73,1645,-5,60,138,1,29.167,3.750,0.000
238,74,1620,10,59,141,1,27.833,3.750,0.000
239,74,1607,18,59,142,1,27.167,3.750,0.000
240,74,1600,22,59,143,1,26.833,3.750,0.000
241,74,1587,31,59,145,1,26.167,3.750,0.000
242,74,1582,49,60,150,1,24.833,3.450,0.000
243,74,1575,54,60,150,1,24.500,3.450,0.000
244,74,1560,63,60,153,1,23.833,3.450,0.000
245,74,1553,68,60,154,1,23.500,3.450,0.000
246,74,1547,88,62,159,1,22.167,3.150,0.000
247,74,1539,93,62,160,1,21.833,3.150,0.000
248,74,1532,116,63,167,1,20.500,2.850,0.000
249,74,1524,122,63,168,1,20.167,2.850,0.000
250,74,1507,133,64,171,1,19.500,2.850,0.000
251,74,1498,139,64,172,1,19.167,2.850,0.000
252,74,1480,151,64,175,1,18.500,2.850,0.000
253,74,1462,163,64,179,1,17.833,2.850,0.000
254,74,1443,175,65,182,1,17.167,2.850,0.000
255,74,1423,189,65,186,1,16.500,2.850,0.000
256,74,1420,212,68,193,1,15.500,2.550,0.000
257,74,1398,227,69,197,1,14.833,2.550,0.000
258,74,1376,242,69,202,1,14.167,2.550,0.000
259,74,1352,258,70,207,1,13.500,2.550,0.000
260,74,1340,266,71,209,1,13.167,2.550,0.000
261,74,1314,283,72,214,1,12.500,2.550,0.000
262,74,1288,301,73,220,1,11.833,2.550,0.000
263,74,1260,320,74,225,1,11.167,2.550,0.000
264,74,1249,355,78,236,1,10.167,2.250,0.000
265,74,1233,365,78,239,1,9.833,2.250,0.000
266,74,1201,388,80,246,1,9.167,2.250,0.000
267,74,1167,411,81,253,1,8.500,2.250,0.000
268,74,1131,437,83,260,1,7.833,2.250,0.000
269,74,1112,450,84,263,1,7.500,2.250,0.000
270,74,1071,477,87,271,1,6.833,2.250,0.000
271,74,1028,506,90,279,1,6.167,2.250,0.000
272,74,1006,522,92,283,1,5.833,2.250,0.000
273,74,976,578,99,298,1,4.833,1.950,0.000
274,74,951,595,101,302,1,4.500,1.950,0.000
275,74,899,633,107,311,1,3.833,1.950,0.000
276,74,842,672,113,321,1,3.167,1.950,0.000
277,74,813,693,116,326,1,2.833,1.950,0.000
278,74,798,746,122,339,1,2.167,1.650,0.000
279,74,732,794,130,351,1,1.500,1.650,0.000
237,75,484,247,74,195,1,10.833,10.350,0.000
238,75,501,229,72,190,1,11.500,10.650,0.000
239,75,521,222,70,188,1,11.833,10.650,0.000
240,75,560,208,68,185,1,12.500,10.650,0.000
241,75,592,185,65,178,1,13.500,10.950,0.000
242,75,622,164,62,172,1,14.500,11.250,0.000
243,75,640,158,62,170,1,14.833,11.250,0.000
244,75,673,146,60,167,1,15.500,11.250,0.000
240,76,1636,-13,58,135,1,29.833,4.050,0.000
241,76,1629,-9,58,136,1,29.500,4.050,0.000
242,76,1623,-5,58,137,1,29.167,4.050,0.000
243,76,1617,-1,58,137,1,28.833,4.050,0.000
244,76,1604,6,58,139,1,28.167,4.050,0.000
245,76,1591,14,58,140,1,27.500,4.050,0.000
246,76,1587,31,59,145,1,26.167,3.750,0.000
247,76,1573,39,59,147,1,25.500,3.750,0.000
248,76,1566,44,59,148,1,25.167,3.750,0.000
249,76,1552,53,59,150,1,24.500,3.750,0.000
250,76,1537,62,59,152,1,23.833,3.750,0.000
251,76,1530,67,59,153,1,23.500,3.750,0.000
252,76,1506,81,59,156,1,22.500,3.750,0.000
253,76,1490,91,59,158,1,21.833,3.750,0.000
254,76,1474,101,59,161,1,21.167,3.750,0.000
255,76,1457,111,59,164,1,20.500,3.750,0.000
256,76,1439,122,59,167,1,19.833,3.750,0.000
257,76,1421,133,60,170,1,19.167,3.750,0.000
258,76,1392,150,60,174,1,18.167,3.750,0.000
259,76,1372,162,61,178,1,17.500,3.750,0.000
260,76,1351,175,62,181,1,16.833,3.750,0.000
261,76,1329,188,62,185,1,16.167,3.750,0.000
262,76,1307,201,63,189,1,15.500,3.750,0.000
263,76,1279,198,62,188,1,15.500,4.050,0.000
264,76,1255,212,63,193,1,14.833,4.050,0.000
265,76,1229,227,64,197,1,14.167,4.050,0.000
266,76,1203,242,65,202,1,13.500,4.050,0.000
267,76,1189,250,65,204,1,13.167,4.050,0.000
268,76,1160,266,67,209,1,12.500,4.050,0.000
269,76,1130,283,68,214,1,11.833,4.050,0.000
270,76,1098,301,70,220,1,11.167,4.050,0.000
271,76,1064,320,72,225,1,10.500,4.050,0.000
272,76,1044,355,76,236,1,9.500,3.750,0.000
273,76,1006,377,79,242,1,8.833,3.750,0.000
274,76,966,400,82,249,1,8.167,3.750,0.000
275,76,924,424,86,255,1,7.500,3.750,0.000
276,76,902,437,88,259,1,7.167,3.750,0.000
277,76,871,483,93,272,1,6.167,3.450,0.000
278,76,846,498,95,275,1,5.833,3.450,0.000
279,76,796,528,100,283,1,5.167,3.450,0.000
280,76,742,561,105,291,1,4.500,3.450,0.000
281,76,685,595,111,299,1,3.833,3.450,0.000
282,76,656,613,114,303,1,3.500,3.450,0.000
283,76,594,650,120,312,1,2.833,3.450,0.000
284,76,528,690,126,322,1,2.167,3.450,0.000
285,76,500,743,133,337,1,1.500,3.150,0.000
286,76,419,755,137,341,1,1.167,3.450,0.000
244,77,796,40,47,136,1,22.167,13.650,0.000
245,77,802,45,48,138,1,21.833,13.350,0.000
246,77,809,50,48,139,1,21.500,13.050,0.000
244,78,1571,610,121,310,1,5.833,-1.650,0.000
245,78,1600,574,118,300,1,6.500,-1.650,0.000
246,78,1660,564,122,299,1,6.833,-1.950,0.000
247,78,1685,531,121,290,1,7.500,-1.950,0.000
248,78,1708,500,119,281,1,8.167,-1.950,0.000
249,78,1731,471,118,273,1,8.833,-1.950,0.000
250,78,1752,443,118,265,1,9.500,-1.950,0.000
251,78,1772,417,117,258,1,10.167,-1.950,0.000
252,78,1782,404,117,255,1,10.500,-1.950,0.000
245,79,999,786,117,351,1,2.167,0.450,0.000
246,79,999,786,117,351,1,2.167,0.450,0.000
247,79,1027,762,114,345,1,2.500,0.450,0.000
248,79,1027,762,114,345,1,2.500,0.450,0.000
249,79,1027,762,114,345,1,2.500,0.450,0.000
250,79,1055,738,112,339,1,2.833,0.450,0.000
251,79,1032,707,109,331,1,3.167,0.750,0.000
252,79,1058,685,107,326,1,3.500,0.750,0.000
253,79,1058,685,107,326,1,3.500,0.750,0.000
254,79,1084,665,105,321,1,3.833,0.750,0.000
255,79,1108,644,103,316,1,4.167,0.750,0.000
256,79,1086,618,101,309,1,4.500,1.050,0.000
257,79,1086,618,101,309,1,4.500,1.050,0.000
258,79,1109,599,99,304,1,4.833,1.050,0.000
259,79,1109,599,99,304,1,4.833,1.050,0.000
260,79,1110,557,95,293,1,5.500,1.350,0.000
261,79,1131,541,93,289,1,5.833,1.350,0.000
262,79,1172,547,96,290,1,5.833,1.050,0.000
263,79,1151,525,93,284,1,6.167,1.350,0.000
247,80,774,102,54,155,1,18.167,11.550,0.000
248,80,768,95,54,153,1,18.500,11.850,0.000
249,80,753,100,54,154,1,18.167,11.850,0.000
249,81,1850,146,99,188,1,19.500,-0.750,0.000
250,81,1836,160,98,191,1,18.833,-0.750,0.000
251,81,1822,175,98,194,1,18.167,-0.750,0.000
252,81,1815,183,97,196,1,17.833,-0.750,0.000
253,81,1807,190,97,197,1,17.500,-0.750,0.000
254,81,1800,198,97,199,1,17.167,-0.750,0.000
255,81,1785,214,97,202,1,16.500,-0.750,0.000
256,81,1769,230,96,206,1,15.833,-0.750,0.000
257,81,1761,239,96,208,1,15.500,-0.750,0.000
258,81,1752,247,96,210,1,15.167,-0.750,0.000
259,81,1736,265,96,214,1,14.500,-0.750,0.000
260,81,1727,274,96,216,1,14.167,-0.750,0.000
261,81,1709,293,96,221,1,13.500,-0.750,0.000
262,81,1718,325,100,230,1,12.500,-1.050,0.000
263,81,1709,336,101,233,1,12.167,-1.050,0.000
264,81,1699,346,101,236,1,11.833,-1.050,0.000
265,81,1689,357,101,239,1,11.500,-1.050,0.000
266,81,1669,380,102,245,1,10.833,-1.050,0.000
267,81,1659,391,102,248,1,10.500,-1.050,0.000
268,81,1648,403,102,251,1,10.167,-1.050,0.000
269,81,1655,447,108,264,1,9.167,-1.350,0.000
270,81,1644,460,109,268,1,8.833,-1.350,0.000
271,81,1632,474,109,271,1,8.500,-1.350,0.000
272,81,1620,488,110,275,1,8.167,-1.350,0.000
273,81,1594,518,112,284,1,7.500,-1.350,0.000
274,81,1581,534,112,288,1,7.167,-1.350,0.000
275,81,1567,550,113,293,1,6.833,-1.350,0.000
276,81,1553,567,115,297,1,6.500,-1.350,0.000
277,81,1556,629,122,316,1,5.500,-1.650,0.000
278,81,1556,629,122,316,1,5.500,-1.650,0.000
279,81,1541,648,123,321,1,5.167,-1.650,0.000
280,81,1561,698,130,338,1,4.500,-1.950,0.000
281,81,1528,743,132,351,1,3.833,-1.950,0.000
282,81,1510,767,134,358,1,3.500,-1.950,0.000
283,81,1492,791,135,366,1,3.167,-1.950,0.000
251,82,1259,4,43,130,1,27.167,8.850,0.000
252,82,1242,11,43,131,1,26.500,8.850,0.000
253,82,1225,18,43,133,1,25.833,8.850,0.000
254,82,1207,25,44,135,1,25.167,8.850,0.000
255,82,1198,29,44,136,1,24.833,8.850,0.000
256,82,1179,36,44,138,1,24.167,8.850,0.000
257,82,1159,44,45,140,1,23.500,8.850,0.000
258,82,1138,52,46,143,1,22.833,8.850,0.000
259,82,1128,66,47,147,1,21.833,8.550,0.000
260,82,1095,69,48,147,1,21.500,8.850,0.000
261,82,1083,83,49,152,1,20.500,8.550,0.000
262,82,1060,93,51,155,1,19.833,8.550,0.000
263,82,1035,102,52,157,1,19.167,8.550,0.000
264,82,1010,112,53,160,1,18.500,8.550,0.000
265,82,984,123,55,163,1,17.833,8.550,0.000
266,82,957,134,56,167,1,17.167,8.550,0.000
267,82,943,139,57,168,1,16.833,8.550,0.000
268,82,899,157,59,173,1,15.833,8.550,0.000
269,82,869,169,61,177,1,15.167,8.550,0.000
270,82,853,175,61,179,1,14.833,8.550,0.000
271,82,829,197,64,185,1,13.833,8.250,0.000
272,82,795,211,66,189,1,13.167,8.250,0.000
273,82,760,226,68,193,1,12.500,8.250,0.000
274,82,723,241,70,198,1,11.833,8.250,0.000
275,82,685,257,72,202,1,11.167,8.250,0.000
276,82,645,274,75,207,1,10.500,8.250,0.000
277,82,624,283,76,209,1,10.167,8.250,0.000
278,82,587,314,80,217,1,9.167,7.950,0.000
279,82,542,333,83,222,1,8.500,7.950,0.000
280,82,495,354,86,228,1,7.833,7.950,0.000
281,82,470,364,88,230,1,7.500,7.950,0.000
282,82,419,386,92,236,1,6.833,7.950,0.000
283,82,363,393,95,237,1,6.500,8.250,0.000
284,82,278,429,103,246,1,5.500,8.250,0.000
285,82,216,454,109,253,1,4.833,8.250,0.000
286,82,149,480,117,260,1,4.167,8.250,0.000
287,82,79,488,124,263,1,3.833,8.550,0.000
288,82,4,496,133,267,1,3.500,8.850,0.000
248,83,825,111,55,158,1,17.833,10.650,0.000
249,83,845,95,53,153,1,18.833,10.950,0.000
250,83,872,85,52,151,1,19.500,10.950,0.000
251,83,893,87,52,151,1,19.500,10.650,0.000
252,83,923,67,49,146,1,20.833,10.950,0.000
253,83,936,63,49,144,1,21.167,10.950,0.000
254,83,956,64,49,145,1,21.167,10.650,0.000
250,84,712,97,54,153,1,18.167,12.450,0.000
251,84,676,101,55,153,1,17.833,12.750,0.000
252,84,661,106,56,155,1,17.500,12.750,0.000
253,84,630,116,57,158,1,16.833,12.750,0.000
254,84,602,134,59,163,1,15.833,12.450,0.000
255,84,569,145,61,166,1,15.167,12.450,0.000
256,84,534,157,63,169,1,14.500,12.450,0.000
257,84,497,169,65,172,1,13.833,12.450,0.000
258,84,460,182,67,175,1,13.167,12.450,0.000
259,84,421,195,70,179,1,12.500,12.450,0.000
260,84,378,199,72,180,1,12.167,12.750,0.000
261,84,336,213,75,183,1,11.500,12.750,0.000
262,84,292,227,78,187,1,10.833,12.750,0.000
263,84,269,244,81,192,1,10.167,12.450,0.000
264,84,221,259,86,197,1,9.500,12.450,0.000
265,84,169,275,91,201,1,8.833,12.450,0.000
266,84,141,295,96,207,1,8.167,12.150,0.000
267,84,79,325,105,216,1,7.167,11.850,0.000
268,84,18,329,112,219,1,6.833,12.150,0.000
269,84,-16,338,117,222,1,6.500,12.150,0.000
257,85,1492,791,135,366,1,3.167,-1.950,0.000
258,85,1510,767,134,358,1,3.500,-1.950,0.000
259,85,1492,711,127,339,1,4.167,-1.650,0.000
260,85,1509,689,126,333,1,4.500,-1.650,0.000
261,85,1492,640,119,318,1,5.167,-1.350,0.000
262,85,1524,602,117,307,1,5.833,-1.350,0.000
263,85,1493,577,112,300,1,6.167,-1.050,0.000
264,85,1479,537,107,288,1,6.833,-0.750,0.000
265,85,1466,500,102,277,1,7.500,-0.450,0.000
266,85,1481,486,101,273,1,7.833,-0.450,0.000
267,85,1495,472,100,269,1,8.167,-0.450,0.000
268,85,1495,426,95,256,1,9.167,-0.150,0.000
269,85,1508,414,94,253,1,9.500,-0.150,0.000
270,85,1521,402,93,249,1,9.833,-0.150,0.000
271,85,1545,379,92,243,1,10.500,-0.150,0.000
272,85,1556,367,91,240,1,10.833,-0.150,0.000
273,85,1579,346,90,233,1,11.500,-0.150,0.000
274,85,1576,312,86,224,1,12.500,0.150,0.000
275,85,1596,293,86,218,1,13.167,0.150,0.000
276,85,1640,287,89,217,1,13.500,-0.150,0.000
277,85,1658,269,88,213,1,14.167,-0.150,0.000
278,85,1676,251,88,208,1,14.833,-0.150,0.000
279,85,1694,235,88,204,1,15.500,-0.150,0.000
280,85,1710,219,88,200,1,16.167,-0.150,0.000
281,85,1718,211,88,198,1,16.500,-0.150,0.000
282,85,1734,195,88,195,1,17.167,-0.150,0.000
283,85,1726,172,85,188,1,18.167,0.150,0.000
284,85,1734,165,85,187,1,18.500,0.150,0.000
285,85,1741,158,85,185,1,18.833,0.150,0.000
286,85,1726,144,82,181,1,19.500,0.450,0.000
287,85,1712,130,79,177,1,20.167,0.750,0.000
288,85,1698,117,77,172,1,20.833,1.050,0.000
289,85,1698,117,77,172,1,20.833,1.050,0.000
290,85,1686,105,74,169,1,21.500,1.350,0.000
291,85,1673,93,72,165,1,22.167,1.650,0.000
292,85,1654,87,70,162,1,22.500,1.950,0.000
293,85,1654,87,70,162,1,22.500,1.950,0.000
294,85,1643,76,67,159,1,23.167,2.250,0.000
295,85,1657,66,68,157,1,23.833,2.250,0.000
296,85,1646,55,66,154,1,24.500,2.550,0.000
297,85,1653,51,66,153,1,24.833,2.550,0.000
298,85,1666,41,66,151,1,25.500,2.550,0.000
299,85,1673,37,66,150,1,25.833,2.550,0.000
300,85,1679,32,67,149,1,26.167,2.550,0.000
258,86,1843,153,99,190,1,19.167,-0.750,0.000
259,86,1818,146,94,186,1,19.500,-0.450,0.000
260,86,1804,160,94,189,1,18.833,-0.450,0.000
261,86,1789,174,93,192,1,18.167,-0.450,0.000
262,86,1782,182,93,194,1,17.833,-0.450,0.000
263,86,1774,189,93,195,1,17.500,-0.450,0.000
264,86,1759,205,92,198,1,16.833,-0.450,0.000
265,86,1751,212,92,200,1,16.500,-0.450,0.000
266,86,1743,220,92,202,1,16.167,-0.450,0.000
267,86,1727,237,92,206,1,15.500,-0.450,0.000
268,86,1718,245,92,208,1,15.167,-0.450,0.000
269,86,1727,274,96,216,1,14.167,-0.750,0.000
270,86,1709,293,96,221,1,13.500,-0.750,0.000
271,86,1691,312,96,226,1,12.833,-0.750,0.000
272,86,1681,322,96,228,1,12.500,-0.750,0.000
273,86,1672,332,96,231,1,12.167,-0.750,0.000
274,86,1662,343,97,234,1,11.833,-0.750,0.000
275,86,1652,353,97,237,1,11.500,-0.750,0.000
276,86,1641,364,97,240,1,11.167,-0.750,0.000
277,86,1620,387,98,246,1,10.500,-0.750,0.000
278,86,1582,383,95,244,1,10.500,-0.450,0.000
279,86,1559,406,96,251,1,9.833,-0.450,0.000
253,87,948,59,48,143,1,21.500,10.950,0.000
254,87,972,51,47,141,1,22.167,10.950,0.000
255,87,983,47,47,140,1,22.500,10.950,0.000
256,87,1006,39,46,138,1,23.167,10.950,0.000
257,87,1029,23,44,133,1,24.500,11.250,0.000
258,87,1050,16,43,131,1,25.167,11.250,0.000
259,87,1060,12,43,130,1,25.500,11.250,0.000
260,87,1080,5,42,128,1,26.167,11.250,0.000
261,87,1099,0,41,126,1,26.833,11.250,0.000
262,87,1109,-11,40,123,1,27.833,11.550,0.000
263,87,1118,-14,39,123,1,28.167,11.550,0.000
264,87,1136,-26,38,119,1,29.500,11.850,0.000
265,87,1145,-29,38,118,1,29.833,11.850,0.000
266,88,1768,364,111,243,1,11.500,-1.650,0.000
267,88,1791,392,117,252,1,10.833,-1.950,0.000
268,88,1782,404,117,255,1,10.500,-1.950,0.000
269,88,1762,430,117,262,1,9.833,-1.950,0.000
270,88,1752,443,118,265,1,9.500,-1.950,0.000
271,88,1741,457,118,269,1,9.167,-1.950,0.000
272,88,1731,471,118,273,1,8.833,-1.950,0.000
273,88,1744,521,126,289,1,7.833,-2.250,0.000
274,88,1697,515,120,285,1,7.833,-1.950,0.000
275,88,1721,554,127,298,1,7.167,-2.250,0.000
276,88,1709,571,128,303,1,6.833,-2.250,0.000
277,88,1697,588,128,308,1,6.500,-2.250,0.000
278,88,1671,625,130,318,1,5.833,-2.250,0.000
279,88,1657,645,131,324,1,5.500,-2.250,0.000
280,88,1684,695,139,342,1,4.833,-2.550,0.000
281,88,1670,717,140,349,1,4.500,-2.550,0.000
282,88,1656,739,141,357,1,4.167,-2.550,0.000
273,89,1466,500,102,277,1,7.500,-0.450,0.000
274,89,1479,537,107,288,1,6.833,-0.750,0.000
275,89,1477,595,114,305,1,5.833,-1.050,0.000
276,89,1461,613,115,310,1,5.500,-1.050,0.000
277,89,1475,660,121,323,1,4.833,-1.350,0.000
278,89,1458,681,122,329,1,4.500,-1.350,0.000
266,90,1248,486,92,273,1,7.167,1.050,0.000
267,90,1248,486,92,273,1,7.167,1.050,0.000
268,90,1265,472,91,269,1,7.500,1.050,0.000
269,90,1265,472,91,269,1,7.500,1.050,0.000
270,90,1282,458,90,266,1,7.833,1.050,0.000
271,90,1299,444,89,262,1,8.167,1.050,0.000
272,90,1315,432,88,258,1,8.500,1.050,0.000
273,90,1315,432,88,258,1,8.500,1.050,0.000
274,90,1309,402,85,249,1,9.167,1.350,0.000
275,90,1309,402,85,249,1,9.167,1.350,0.000
276,90,1324,390,84,246,1,9.500,1.350,0.000
277,90,1324,390,84,246,1,9.500,1.350,0.000
278,90,1338,379,83,243,1,9.833,1.350,0.000
279,90,1352,368,82,239,1,10.167,1.350,0.000
280,90,1366,357,82,236,1,10.500,1.350,0.000
281,90,1366,357,82,236,1,10.500,1.350,0.000
282,90,1380,346,81,233,1,10.833,1.350,0.000
283,90,1393,336,80,230,1,11.167,1.350,0.000
284,90,1393,336,80,230,1,11.167,1.350,0.000
285,90,1406,326,80,227,1,11.500,1.350,0.000
286,90,1418,316,79,224,1,11.833,1.350,0.000
287,90,1418,316,79,224,1,11.833,1.350,0.000
288,90,1410,294,76,217,1,12.500,1.650,0.000
289,90,1410,294,76,217,1,12.500,1.650,0.000
290,90,1410,294,76,217,1,12.500,1.650,0.000
291,90,1421,285,76,215,1,12.833,1.650,0.000
292,90,1421,285,76,215,1,12.833,1.650,0.000
293,90,1413,264,73,209,1,13.500,1.950,0.000
294,90,1425,256,73,206,1,13.833,1.950,0.000
295,90,1425,256,73,206,1,13.833,1.950,0.000
296,90,1436,248,72,204,1,14.167,1.950,0.000
297,90,1436,248,72,204,1,14.167,1.950,0.000
298,90,1428,230,70,198,1,14.833,2.250,0.000
299,90,1428,230,70,198,1,14.833,2.250,0.000
300,90,1438,222,70,196,1,15.167,2.250,0.000
275,91,1602,455,105,265,1,8.833,-1.050,0.000
276,91,1577,483,106,273,1,8.167,-1.050,0.000
277,91,1551,512,108,281,1,7.500,-1.050,0.000
278,91,1523,544,110,290,1,6.833,-1.050,0.000
279,91,1477,595,114,305,1,5.833,-1.050,0.000
280,91,1415,606,112,307,1,5.500,-0.750,0.000
281,91,1379,644,114,317,1,4.833,-0.750,0.000
282,91,1342,685,117,328,1,4.167,-0.750,0.000
283,91,1301,729,120,340,1,3.500,-0.750,0.000
284,91,1279,752,121,346,1,3.167,-0.750,0.000
285,91,1257,776,122,353,1,2.833,-0.750,0.000
280,92,1495,426,95,256,1,9.167,-0.150,0.000
281,92,1443,434,93,258,1,8.833,0.150,0.000
282,92,1391,442,92,261,1,8.500,0.450,0.000
283,92,1315,432,88,258,1,8.500,1.050,0.000
284,92,1244,452,88,264,1,7.833,1.350,0.000
285,92,1188,460,87,267,1,7.500,1.650,0.000
286,92,1131,469,86,269,1,7.167,1.950,0.000
287,92,1071,477,87,271,1,6.833,2.250,0.000
288,92,988,501,91,277,1,6.167,2.550,0.000
289,92,925,510,94,279,1,5.833,2.850,0.000
290,92,861,519,97,281,1,5.500,3.150,0.000
291,92,796,528,100,283,1,5.167,3.450,0.000
292,92,703,554,106,288,1,4.500,3.750,0.000
293,92,636,564,109,290,1,4.167,4.050,0.000
294,92,568,574,112,292,1,3.833,4.350,0.000
295,92,467,601,118,297,1,3.167,4.650,0.000
296,92,359,604,121,297,1,2.833,5.250,0.000
297,92,286,615,126,300,1,2.500,5.550,0.000
298,92,171,644,136,309,1,1.833,5.850,0.000
299,92,128,663,141,316,1,1.500,5.850,0.000
300,92,40,676,150,323,1,1.167,6.150,0.000
283,93,1279,-19,41,123,1,29.500,9.450,0.000
284,93,1271,-16,41,124,1,29.167,9.450,0.000
285,93,1273,-9,42,126,1,28.500,9.150,0.000
286,93,1265,-6,42,127,1,28.167,9.150,0.000
287,93,1268,1,43,129,1,27.500,8.850,0.000
288,93,1259,4,43,130,1,27.167,8.850,0.000
289,93,1251,7,43,131,1,26.833,8.850,0.000
290,93,1253,15,44,133,1,26.167,8.550,0.000
291,93,1245,19,44,134,1,25.833,8.550,0.000
292,93,1238,31,45,137,1,24.833,8.250,0.000
293,93,1229,35,45,138,1,24.500,8.250,0.000
294,93,1221,48,46,142,1,23.500,7.950,0.000
295,93,1212,52,46,143,1,23.167,7.950,0.000
296,93,1202,56,46,144,1,22.833,7.950,0.000
297,93,1192,60,47,146,1,22.500,7.950,0.000
298,93,1172,69,47,148,1,21.833,7.950,0.000
299,93,1150,78,48,151,1,21.167,7.950,0.000
300,93,1139,82,49,152,1,20.833,7.950,0.000
290,94,1,387,121,235,1,5.500,10.950,0.000
291,94,36,376,115,231,1,5.833,10.950,0.000
292,94,100,370,108,229,1,6.167,10.650,0.000
293,94,134,346,102,222,1,6.833,10.950,0.000
294,94,164,337,99,219,1,7.167,10.950,0.000
295,94,192,327,96,216,1,7.500,10.950,0.000
296,94,246,309,90,211,1,8.167,10.950,0.000
297,94,297,291,85,206,1,8.833,10.950,0.000
298,94,322,283,83,204,1,9.167,10.950,0.000
299,94,344,263,80,198,1,9.833,11.250,0.000
300,94,391,258,78,197,1,10.167,10.950,0.000
296,95,988,29,45,134,1,23.833,11.550,0.000
297,95,999,25,44,133,1,24.167,11.550,0.000
298,95,1021,18,44,131,1,24.833,11.550,0.000
299,95,1031,15,43,130,1,25.167,11.550,0.000
300,95,1051,8,42,129,1,25.833,11.550,0.000
297,96,1698,673,138,336,1,5.167,-2.550,0.000
298,96,1711,653,137,329,1,5.500,-2.550,0.000
299,96,1711,653,137,329,1,5.500,-2.550,0.000
300,96,1684,606,129,313,1,6.167,-2.250,0.000
