1,-1,1606,636,126,320,1,5.500,-1.950,0.000
1,-1,1797,167,93,190,1,18.500,-0.450,0.000
1,-1,1651,110,71,168,1,21.167,1.650,0.000
1,-1,883,375,82,241,1,8.500,4.650,0.000
1,-1,1477,40,53,144,1,25.167,4.950,0.000
1,-1,1455,39,52,143,1,25.167,5.250,0.000
1,-1,786,228,68,195,1,12.500,7.950,0.000
1,-1,778,219,67,191,1,12.833,8.250,0.000
1,-1,715,231,69,194,1,12.167,8.550,0.000
1,-1,293,237,79,190,1,10.500,12.450,0.000
1,-1,988,0,42,126,1,26.167,12.750,0.000
2,-1,1591,656,127,325,1,5.167,-1.950,0.000
2,-1,1804,160,94,189,1,18.833,-0.450,0.000
2,-1,1651,110,71,168,1,21.167,1.650,0.000
2,-1,853,415,87,252,1,7.500,4.350,0.000
2,-1,840,398,85,247,1,7.833,4.650,0.000
2,-1,1484,36,53,143,1,25.500,4.950,0.000
2,-1,1470,31,52,141,1,25.833,5.250,0.000
2,-1,1392,3,47,132,1,27.833,7.050,0.000
2,-1,823,241,69,199,1,12.167,7.350,0.000
2,-1,744,207,66,187,1,13.167,8.850,0.000
2,-1,246,297,89,207,1,8.500,11.250,0.000
2,-1,314,220,76,185,1,11.167,12.750,0.000
3,-1,1606,636,126,320,1,5.500,-1.950,0.000
3,-1,1708,500,119,281,1,8.167,-1.950,0.000
3,-1,1800,198,97,199,1,17.167,-0.750,0.000
3,-1,1647,92,69,164,1,22.167,1.950,0.000
3,-1,830,427,89,255,1,7.167,4.350,0.000
3,-1,1485,23,52,139,1,26.500,5.250,0.000
3,-1,1492,19,52,139,1,26.833,5.250,0.000
3,-1,816,328,78,226,1,9.500,5.850,0.000
3,-1,805,314,77,221,1,9.833,6.150,0.000
3,-1,840,234,68,197,1,12.500,7.350,0.000
3,-1,831,223,67,194,1,12.833,7.650,0.000
3,-1,786,228,68,195,1,12.500,7.950,0.000
3,-1,778,219,67,191,1,12.833,8.250,0.000
3,-1,928,58,48,143,1,21.500,11.250,0.000
3,-1,194,302,93,209,1,8.167,11.550,0.000
3,-1,357,206,73,182,1,11.833,12.750,0.000
4,-1,1657,645,131,324,1,5.500,-2.250,0.000
4,-1,1671,625,130,318,1,5.833,-2.250,0.000
4,-1,1620,617,125,314,1,5.833,-1.950,0.000
4,-1,1774,308,105,227,1,13.167,-1.350,0.000
4,-1,1650,71,68,158,1,23.500,2.250,0.000
4,-1,759,467,95,265,1,6.167,4.350,0.000
4,-1,1499,15,52,138,1,27.167,5.250,0.000
4,-1,881,202,64,187,1,13.833,7.650,0.000
4,-1,804,195,64,184,1,13.833,8.550,0.000
4,-1,134,346,102,222,1,6.833,10.950,0.000
4,-1,948,59,48,143,1,21.500,10.950,0.000
4,-1,382,218,73,185,1,11.500,12.150,0.000
5,-1,1644,665,132,330,1,5.167,-2.250,0.000
5,-1,1657,645,131,324,1,5.500,-2.250,0.000
5,-1,1787,342,111,238,1,12.167,-1.650,0.000
5,-1,1650,71,68,158,1,23.500,2.250,0.000
5,-1,719,516,101,278,1,5.167,4.050,0.000
5,-1,1506,12,52,137,1,27.500,5.250,0.000
5,-1,903,180,61,181,1,14.833,7.950,0.000
5,-1,835,159,60,173,1,15.500,9.150,0.000
5,-1,70,366,110,228,1,6.167,10.950,0.000
5,-1,960,55,48,142,1,21.833,10.950,0.000
5,-1,421,195,70,179,1,12.500,12.450,0.000
6,-1,1644,665,132,330,1,5.167,-2.250,0.000
6,-1,1777,353,111,240,1,11.833,-1.650,0.000
6,-1,1650,71,68,158,1,23.500,2.250,0.000
6,-1,692,531,104,282,1,4.833,4.050,0.000
6,-1,1506,0,51,134,1,28.500,5.550,0.000
6,-1,934,167,60,177,1,15.500,7.950,0.000
6,-1,869,169,61,177,1,15.167,8.550,0.000
6,-1,457,173,66,173,1,13.500,12.750,0.000
7,-1,1759,376,111,246,1,11.167,-1.650,0.000
7,-1,1653,51,66,153,1,24.833,2.550,0.000
7,-1,636,564,109,290,1,4.167,4.050,0.000
7,-1,963,155,58,173,1,16.167,7.950,0.000
7,-1,904,143,57,169,1,16.500,8.850,0.000
7,-1,494,161,64,170,1,14.167,12.750,0.000
8,-1,1759,376,111,246,1,11.167,-1.650,0.000
8,-1,917,660,109,318,1,3.500,1.650,0.000
8,-1,1656,32,64,148,1,26.167,2.850,0.000
8,-1,576,598,114,298,1,3.500,4.050,0.000
8,-1,991,143,57,170,1,16.833,7.950,0.000
8,-1,933,132,56,166,1,17.167,8.850,0.000
8,-1,512,155,63,168,1,14.500,12.750,0.000
9,-1,1762,430,117,262,1,9.833,-1.950,0.000
9,-1,944,640,106,313,1,3.833,1.650,0.000
9,-1,1656,32,64,148,1,26.167,2.850,0.000
9,-1,545,616,117,302,1,3.167,4.050,0.000
9,-1,1007,125,54,164,1,17.833,8.250,0.000
9,-1,960,121,55,163,1,17.833,8.850,0.000
9,-1,974,116,54,161,1,18.167,8.850,0.000
9,-1,1015,90,51,153,1,19.833,9.150,0.000
9,-1,1017,79,50,150,1,20.500,9.450,0.000
9,-1,560,131,60,161,1,15.833,13.050,0.000
10,-1,1731,471,118,273,1,8.833,-1.950,0.000
10,-1,970,621,103,309,1,4.167,1.650,0.000
10,-1,1662,27,65,147,1,26.500,2.850,0.000
10,-1,479,653,124,312,1,2.500,4.050,0.000
10,-1,1044,121,54,163,1,18.167,7.950,0.000
10,-1,987,111,53,160,1,18.500,8.850,0.000
10,-1,1012,53,47,142,1,22.167,10.350,0.000
10,-1,581,132,59,162,1,15.833,12.750,0.000
11,-1,1708,500,119,281,1,8.167,-1.950,0.000
11,-1,1001,561,96,293,1,5.167,1.950,0.000
11,-1,1662,27,65,147,1,26.500,2.850,0.000
11,-1,414,723,134,331,1,1.500,3.750,0.000
11,-1,1069,111,52,160,1,18.833,7.950,0.000
11,-1,1013,101,52,157,1,19.167,8.850,0.000
11,-1,992,52,47,141,1,22.167,10.650,0.000
11,-1,609,115,57,157,1,16.833,13.050,0.000
12,-1,1697,515,120,285,1,7.833,-1.950,0.000
12,-1,1047,528,92,285,1,5.833,1.950,0.000
12,-1,1675,19,65,146,1,27.167,2.850,0.000
12,-1,1093,101,51,157,1,19.500,7.950,0.000
12,-1,1037,91,51,154,1,19.833,8.850,0.000
12,-1,977,33,45,135,1,23.500,11.550,0.000
12,-1,630,116,57,158,1,16.833,12.750,0.000
13,-1,1673,547,121,294,1,7.167,-1.950,0.000
13,-1,1069,513,91,281,1,6.167,1.950,0.000
13,-1,1675,19,65,146,1,27.167,2.850,0.000
13,-1,1117,91,50,155,1,20.167,7.950,0.000
13,-1,1117,81,49,151,1,20.833,8.250,0.000
13,-1,1051,76,49,149,1,20.833,9.150,0.000
13,-1,961,23,44,132,1,24.167,12.150,0.000
13,-1,661,106,56,155,1,17.500,12.750,0.000
14,-1,1660,564,122,299,1,6.833,-1.950,0.000
14,-1,1090,497,89,277,1,6.500,1.950,0.000
14,-1,1139,72,48,149,1,21.500,8.250,0.000
14,-1,1074,67,48,147,1,21.500,9.150,0.000
14,-1,1085,63,47,146,1,21.833,9.150,0.000
14,-1,1137,1,41,127,1,26.833,10.650,0.000
14,-1,943,44,47,139,1,22.500,11.550,0.000
14,-1,686,90,54,150,1,18.500,13.050,0.000
15,-1,1660,564,122,299,1,6.833,-1.950,0.000
15,-1,1131,469,86,269,1,7.167,1.950,0.000
15,-1,1161,73,48,149,1,21.500,7.950,0.000
15,-1,44,483,127,262,1,3.833,8.850,0.000
15,-1,1097,40,45,139,1,23.500,9.750,0.000
15,-1,1108,27,44,135,1,24.500,10.050,0.000
15,-1,1099,0,41,126,1,26.833,11.250,0.000
15,-1,923,43,47,138,1,22.500,11.850,0.000
15,-1,714,80,52,148,1,19.167,13.050,0.000
16,-1,1647,581,123,304,1,6.500,-1.950,0.000
16,-1,1149,424,82,256,1,8.167,2.250,0.000
16,-1,1172,69,47,148,1,21.833,7.950,0.000
16,-1,116,475,119,259,1,4.167,8.550,0.000
16,-1,1117,60,47,145,1,22.167,8.850,0.000
16,-1,900,51,48,140,1,21.833,11.850,0.000
16,-1,729,76,52,146,1,19.500,13.050,0.000
17,-1,1657,645,131,324,1,5.500,-2.250,0.000
17,-1,1168,442,85,261,1,7.833,1.950,0.000
17,-1,1191,51,46,143,1,23.167,8.250,0.000
17,-1,1138,52,46,143,1,22.833,8.850,0.000
17,-1,155,427,110,245,1,5.167,9.150,0.000
17,-1,1196,20,43,134,1,25.500,9.150,0.000
17,-1,877,75,50,147,1,20.167,11.250,0.000
17,-1,762,73,51,146,1,19.833,12.750,0.000
18,-1,1644,665,132,330,1,5.167,-2.250,0.000
18,-1,1184,399,81,249,1,8.833,2.250,0.000
18,-1,1210,43,45,141,1,23.833,8.250,0.000
18,-1,217,419,105,243,1,5.500,8.850,0.000
18,-1,218,403,103,238,1,5.833,9.150,0.000
18,-1,1158,35,44,138,1,24.167,9.150,0.000
18,-1,859,90,52,152,1,19.167,10.950,0.000
18,-1,783,59,50,142,1,20.833,13.050,0.000
19,-1,1217,376,79,242,1,9.500,2.250,0.000
19,-1,1229,35,45,138,1,24.500,8.250,0.000
19,-1,1227,26,44,136,1,25.167,8.550,0.000
19,-1,247,408,102,239,1,5.833,8.850,0.000
19,-1,1168,31,44,137,1,24.500,9.150,0.000
19,-1,1177,19,43,133,1,25.500,9.450,0.000
19,-1,823,77,51,148,1,19.833,11.850,0.000
19,-1,809,50,48,139,1,21.500,13.050,0.000
20,-1,1233,365,78,239,1,9.833,2.250,0.000
20,-1,1247,27,45,136,1,25.167,8.250,0.000
20,-1,276,381,97,232,1,6.500,9.150,0.000
20,-1,1186,15,42,132,1,25.833,9.450,0.000
20,-1,1194,4,41,129,1,26.833,9.750,0.000
20,-1,796,86,52,150,1,19.167,11.850,0.000
21,-1,1249,355,78,236,1,10.167,2.250,0.000
21,-1,1256,24,45,135,1,25.500,8.250,0.000
21,-1,1205,17,43,133,1,25.833,9.150,0.000
21,-1,329,346,90,222,1,7.500,9.450,0.000
21,-1,1202,1,41,128,1,27.167,9.750,0.000
21,-1,768,95,54,153,1,18.500,11.850,0.000
22,-1,1264,344,77,233,1,10.500,2.250,0.000
22,-1,1273,17,44,134,1,26.167,8.250,0.000
22,-1,357,349,90,224,1,7.500,9.150,0.000
22,-1,1223,10,43,131,1,26.500,9.150,0.000
22,-1,44,347,111,223,1,6.500,11.550,0.000
23,-1,1288,301,73,220,1,11.833,2.550,0.000
23,-1,1287,2,43,129,1,27.500,8.550,0.000
23,-1,382,339,88,221,1,7.833,9.150,0.000
23,-1,76,338,107,220,1,6.833,11.550,0.000
24,-1,1301,292,72,217,1,12.167,2.550,0.000
24,-1,1306,3,44,130,1,27.500,8.250,0.000
24,-1,1249,0,42,128,1,27.500,9.150,0.000
24,-1,425,295,81,209,1,9.167,9.750,0.000
24,-1,136,333,101,218,1,7.167,11.250,0.000
24,-1,662,131,58,163,1,16.167,11.850,0.000
25,-1,1314,283,72,214,1,12.500,2.550,0.000
25,-1,444,274,78,203,1,9.833,10.050,0.000
25,-1,194,302,93,209,1,8.167,11.550,0.000
25,-1,629,143,60,166,1,15.500,11.850,0.000
26,-1,1525,668,124,327,1,4.833,-1.650,0.000
26,-1,1811,153,94,188,1,19.167,-0.450,0.000
26,-1,1334,247,69,203,1,13.833,2.850,0.000
26,-1,466,266,77,201,1,10.167,10.050,0.000
26,-1,246,285,87,204,1,8.833,11.550,0.000
26,-1,595,154,62,169,1,14.833,11.850,0.000
27,-1,1556,629,122,316,1,5.500,-1.650,0.000
27,-1,1811,153,94,188,1,19.167,-0.450,0.000
27,-1,1340,266,71,209,1,13.167,2.550,0.000
27,-1,1360,-1,45,129,1,28.167,7.650,0.000
27,-1,484,247,74,195,1,10.833,10.350,0.000
27,-1,546,181,65,176,1,13.500,11.550,0.000
27,-1,270,255,83,195,1,9.833,12.150,0.000
28,-1,1586,592,119,305,1,6.167,-1.650,0.000
28,-1,1800,198,97,199,1,17.167,-0.750,0.000
28,-1,1369,224,67,196,1,14.833,2.850,0.000
28,-1,24,567,139,288,1,2.500,7.650,0.000
28,-1,75,508,127,269,1,3.500,8.250,0.000
28,-1,501,229,72,190,1,11.500,10.650,0.000
28,-1,497,220,71,187,1,11.833,10.950,0.000
28,-1,315,229,77,188,1,10.833,12.450,0.000
29,-1,1620,617,125,314,1,5.833,-1.950,0.000
29,-1,1792,206,97,200,1,16.833,-0.750,0.000
29,-1,1380,216,67,194,1,15.167,2.850,0.000
29,-1,100,580,133,290,1,2.500,7.050,0.000
29,-1,113,494,122,264,1,3.833,8.250,0.000
29,-1,480,237,73,192,1,11.167,10.650,0.000
29,-1,501,229,72,190,1,11.500,10.650,0.000
29,-1,365,245,77,193,1,10.500,11.550,0.000
30,-1,1660,564,122,299,1,6.833,-1.950,0.000
30,-1,1777,222,96,204,1,16.167,-0.750,0.000
30,-1,1391,209,66,192,1,15.500,2.850,0.000
30,-1,176,570,126,287,1,2.833,6.750,0.000
30,-1,181,505,118,267,1,3.833,7.650,0.000
30,-1,182,486,115,262,1,4.167,7.950,0.000
30,-1,184,467,113,256,1,4.500,8.250,0.000
30,-1,521,222,70,188,1,11.833,10.650,0.000
30,-1,405,220,73,186,1,11.500,11.850,0.000
31,-1,1673,547,121,294,1,7.167,-1.950,0.000
31,-1,1769,230,96,206,1,15.833,-0.750,0.000
31,-1,1412,195,66,188,1,16.167,2.850,0.000
31,-1,214,532,119,275,1,3.500,7.050,0.000
31,-1,215,511,116,269,1,3.833,7.350,0.000
31,-1,1296,26,46,137,1,25.500,7.650,0.000
31,-1,217,436,107,247,1,5.167,8.550,0.000
31,-1,410,240,75,192,1,10.833,11.250,0.000
31,-1,432,232,74,190,1,11.167,11.250,0.000
31,-1,551,190,66,179,1,13.167,11.250,0.000
32,-1,1697,515,120,285,1,7.833,-1.950,0.000
32,-1,1752,247,96,210,1,15.167,-0.750,0.000
32,-1,1351,617,110,310,1,5.167,-0.450,0.000
32,-1,1423,189,65,186,1,16.500,2.850,0.000
32,-1,282,523,114,273,1,3.833,6.750,0.000
32,-1,1279,34,46,139,1,24.833,7.650,0.000
32,-1,277,412,101,241,1,5.833,8.550,0.000
32,-1,574,192,66,180,1,13.167,10.950,0.000
32,-1,473,217,71,186,1,11.833,11.250,0.000
32,-1,340,242,78,192,1,10.500,11.850,0.000
33,-1,1708,500,119,281,1,8.167,-1.950,0.000
33,-1,1744,256,96,212,1,14.833,-0.750,0.000
33,-1,1360,557,104,293,1,6.167,-0.150,0.000
33,-1,1433,182,65,184,1,16.833,2.850,0.000
33,-1,348,514,110,271,1,4.167,6.450,0.000
33,-1,1270,38,46,140,1,24.500,7.650,0.000
33,-1,304,370,94,229,1,6.833,9.150,0.000
33,-1,513,203,68,183,1,12.500,11.250,0.000
33,-1,295,268,83,199,1,9.500,11.550,0.000
33,-1,600,162,63,171,1,14.500,11.550,0.000
34,-1,1731,471,118,273,1,8.833,-1.950,0.000
34,-1,1729,412,112,256,1,10.167,-1.650,0.000
34,-1,1738,350,105,238,1,11.833,-1.350,0.000
34,-1,1394,525,102,284,1,6.833,-0.150,0.000
34,-1,1454,148,63,175,1,18.500,3.150,0.000
34,-1,125,692,145,326,1,1.167,5.550,0.000
34,-1,83,684,147,324,1,1.167,5.850,0.000
34,-1,409,485,105,264,1,4.833,6.450,0.000
34,-1,1249,36,46,139,1,24.500,7.950,0.000
34,-1,329,346,90,222,1,7.500,9.450,0.000
34,-1,555,199,67,182,1,12.833,10.950,0.000
34,-1,628,172,63,175,1,14.167,10.950,0.000
34,-1,271,276,85,202,1,9.167,11.550,0.000
35,-1,1741,457,118,269,1,9.167,-1.950,0.000
35,-1,1718,283,96,219,1,13.833,-0.750,0.000
35,-1,1410,509,101,280,1,7.167,-0.150,0.000
35,-1,1425,495,99,276,1,7.500,-0.150,0.000
35,-1,1472,137,62,171,1,19.167,3.150,0.000
35,-1,209,679,137,320,1,1.500,5.250,0.000
35,-1,169,671,139,318,1,1.500,5.550,0.000
35,-1,128,663,141,316,1,1.500,5.850,0.000
35,-1,499,463,100,259,1,5.500,6.150,0.000
35,-1,1233,53,47,144,1,23.167,7.650,0.000
35,-1,353,322,87,216,1,8.167,9.750,0.000
35,-1,578,160,63,170,1,14.500,11.850,0.000
35,-1,662,131,58,163,1,16.167,11.850,0.000
35,-1,221,259,86,197,1,9.500,12.450,0.000
36,-1,1606,636,126,320,1,5.500,-1.950,0.000
36,-1,1752,443,118,265,1,9.500,-1.950,0.000
36,-1,1700,302,96,223,1,13.167,-0.750,0.000
36,-1,1454,466,97,268,1,8.167,-0.150,0.000
36,-1,1481,131,62,170,1,19.500,3.150,0.000
36,-1,249,660,133,313,1,1.833,5.250,0.000
36,-1,210,652,134,311,1,1.833,5.550,0.000
36,-1,553,437,95,253,1,6.167,6.150,0.000
36,-1,1214,62,47,146,1,22.500,7.650,0.000
36,-1,377,313,85,213,1,8.500,9.750,0.000
36,-1,683,133,58,163,1,16.167,11.550,0.000
36,-1,612,149,61,167,1,15.167,11.850,0.000
36,-1,168,286,93,204,1,8.500,12.150,0.000
37,-1,1620,617,125,314,1,5.833,-1.950,0.000
37,-1,1634,599,124,309,1,6.167,-1.950,0.000
37,-1,1749,388,111,249,1,10.833,-1.650,0.000
37,-1,1691,312,96,226,1,12.833,-0.750,0.000
37,-1,1482,439,96,260,1,8.833,-0.150,0.000
37,-1,1498,120,62,167,1,20.167,3.150,0.000
37,-1,322,597,122,295,1,2.833,5.550,0.000
37,-1,249,607,127,298,1,2.500,5.850,0.000
37,-1,604,412,92,247,1,6.833,6.150,0.000
37,-1,1187,24,43,135,1,25.167,9.150,0.000
37,-1,396,280,80,204,1,9.500,10.350,0.000
37,-1,634,150,61,168,1,15.167,11.550,0.000
37,-1,715,122,57,160,1,16.833,11.550,0.000
37,-1,112,303,99,210,1,7.833,12.150,0.000
38,-1,1647,581,123,304,1,6.500,-1.950,0.000
38,-1,1651,509,115,282,1,7.833,-1.650,0.000
38,-1,1759,376,111,246,1,11.167,-1.650,0.000
38,-1,1679,368,101,242,1,11.167,-1.050,0.000
38,-1,1496,385,90,244,1,10.167,0.150,0.000
38,-1,1507,114,62,166,1,20.500,3.150,0.000
38,-1,393,587,118,292,1,3.167,5.250,0.000
38,-1,661,404,90,246,1,7.167,5.850,0.000
38,-1,284,566,120,286,1,3.167,6.150,0.000
38,-1,1167,23,43,134,1,25.167,9.450,0.000
38,-1,1166,14,42,132,1,25.833,9.750,0.000
38,-1,419,272,79,202,1,9.833,10.350,0.000
38,-1,1165,0,41,127,1,27.167,10.350,0.000
38,-1,745,112,56,158,1,17.500,11.550,0.000
38,-1,662,131,58,163,1,16.167,11.850,0.000
38,-1,51,321,107,215,1,7.167,12.150,0.000
39,-1,1660,564,122,299,1,6.833,-1.950,0.000
39,-1,1659,391,102,248,1,10.500,-1.050,0.000
39,-1,1520,363,89,238,1,10.833,0.150,0.000
39,-1,1523,104,62,163,1,21.167,3.150,0.000
39,-1,421,547,112,282,1,3.833,5.550,0.000
39,-1,708,381,86,240,1,7.833,5.850,0.000
39,-1,351,535,113,277,1,3.833,6.150,0.000
39,-1,1148,39,44,139,1,23.833,9.150,0.000
39,-1,1138,25,43,135,1,24.833,9.750,0.000
39,-1,1137,17,42,132,1,25.500,10.050,0.000
39,-1,441,263,77,200,1,10.167,10.350,0.000
39,-1,1146,-1,40,127,1,27.167,10.650,0.000
39,-1,689,140,59,166,1,15.833,11.250,0.000
39,-1,774,102,54,155,1,18.167,11.550,0.000
39,-1,1033,7,42,128,1,25.833,11.850,0.000
40,-1,1685,531,121,290,1,7.500,-1.950,0.000
40,-1,1631,376,98,243,1,10.833,-0.750,0.000
40,-1,1641,364,97,240,1,11.167,-0.750,0.000
40,-1,1545,379,92,243,1,10.500,-0.150,0.000
40,-1,1531,99,62,162,1,21.500,3.150,0.000
40,-1,481,516,107,274,1,4.500,5.550,0.000
40,-1,740,385,86,242,1,7.833,5.550,0.000
40,-1,417,526,110,276,1,4.167,5.850,0.000
40,-1,382,520,110,273,1,4.167,6.150,0.000
40,-1,1117,50,46,142,1,22.833,9.150,0.000
40,-1,1128,47,45,141,1,23.167,9.150,0.000
40,-1,463,255,75,197,1,10.500,10.350,0.000
40,-1,712,142,59,167,1,15.833,10.950,0.000
40,-1,796,103,54,155,1,18.167,11.250,0.000
40,-1,1016,-1,42,125,1,26.500,12.450,0.000
41,-1,1697,515,120,285,1,7.833,-1.950,0.000
41,-1,1571,610,121,310,1,5.833,-1.650,0.000
41,-1,1597,411,99,253,1,9.833,-0.750,0.000
41,-1,1609,399,99,249,1,10.167,-0.750,0.000
41,-1,1620,387,98,246,1,10.500,-0.750,0.000
41,-1,1547,88,62,159,1,22.167,3.150,0.000
41,-1,517,522,107,277,1,4.500,5.250,0.000
41,-1,784,363,83,236,1,8.500,5.550,0.000
41,-1,442,490,105,266,1,4.833,6.150,0.000
41,-1,1107,45,45,140,1,23.167,9.450,0.000
41,-1,1097,40,45,139,1,23.500,9.750,0.000
41,-1,497,220,71,187,1,11.833,10.950,0.000
41,-1,736,124,57,161,1,16.833,11.250,0.000
41,-1,824,93,53,153,1,18.833,11.250,0.000
41,-1,993,12,43,129,1,25.167,12.150,0.000
42,-1,1720,485,119,277,1,8.500,-1.950,0.000
42,-1,1586,592,119,305,1,6.167,-1.650,0.000
42,-1,1604,360,94,238,1,11.167,-0.450,0.000
42,-1,1554,83,62,158,1,22.500,3.150,0.000
42,-1,566,473,100,264,1,5.500,5.550,0.000
42,-1,827,341,80,230,1,9.167,5.550,0.000
42,-1,494,445,98,254,1,5.833,6.450,0.000
42,-1,489,427,96,249,1,6.167,6.750,0.000
42,-1,71,529,130,275,1,3.167,7.950,0.000
42,-1,1086,53,46,143,1,22.500,9.450,0.000
42,-1,529,242,73,195,1,11.167,10.050,0.000
42,-1,853,101,53,155,1,18.500,10.650,0.000
42,-1,768,95,54,153,1,18.500,11.850,0.000
42,-1,972,19,44,131,1,24.500,12.150,0.000
43,-1,1647,581,123,304,1,6.500,-1.950,0.000
43,-1,1731,471,118,273,1,8.833,-1.950,0.000
43,-1,1590,469,105,269,1,8.500,-1.050,0.000
43,-1,1630,296,89,220,1,13.167,-0.150,0.000
43,-1,1562,78,62,157,1,22.833,3.150,0.000
43,-1,859,345,79,231,1,9.167,5.250,0.000
43,-1,619,446,95,257,1,6.167,5.550,0.000
43,-1,515,415,94,246,1,6.500,6.750,0.000
43,-1,113,494,122,264,1,3.833,8.250,0.000
43,-1,1066,43,46,139,1,23.167,10.050,0.000
43,-1,560,208,68,185,1,12.500,10.650,0.000
43,-1,796,103,54,155,1,18.167,11.250,0.000
43,-1,953,18,44,131,1,24.500,12.450,0.000
44,-1,1673,547,121,294,1,7.167,-1.950,0.000
44,-1,1741,457,118,269,1,9.167,-1.950,0.000
44,-1,1561,450,101,263,1,8.833,-0.750,0.000
44,-1,1658,269,88,213,1,14.167,-0.150,0.000
44,-1,1562,78,62,157,1,22.833,3.150,0.000
44,-1,678,438,93,256,1,6.500,5.250,0.000
44,-1,886,312,75,222,1,10.167,5.550,0.000
44,-1,546,419,93,248,1,6.500,6.450,0.000
44,-1,185,449,111,251,1,4.833,8.550,0.000
44,-1,92,417,114,242,1,5.167,9.750,0.000
44,-1,915,62,49,144,1,21.167,11.250,0.000
44,-1,600,162,63,171,1,14.500,11.550,0.000
44,-1,844,78,51,148,1,19.833,11.550,0.000
44,-1,907,56,48,142,1,21.500,11.550,0.000
45,-1,1697,515,120,285,1,7.833,-1.950,0.000
45,-1,1752,443,118,265,1,9.500,-1.950,0.000
45,-1,1548,463,102,267,1,8.500,-0.750,0.000
45,-1,1685,243,88,206,1,15.167,-0.150,0.000
45,-1,1568,58,60,151,1,24.167,3.450,0.000
45,-1,727,413,89,250,1,7.167,5.250,0.000
45,-1,924,293,73,216,1,10.833,5.550,0.000
45,-1,597,395,90,242,1,7.167,6.450,0.000
45,-1,248,441,106,249,1,5.167,8.250,0.000
45,-1,128,390,108,234,1,5.833,10.050,0.000
45,-1,885,81,51,149,1,19.833,10.950,0.000
45,-1,915,62,49,144,1,21.167,11.250,0.000
45,-1,634,150,61,168,1,15.167,11.550,0.000
46,-1,1720,485,119,277,1,8.500,-1.950,0.000
46,-1,1752,443,118,265,1,9.500,-1.950,0.000
46,-1,1537,528,109,286,1,7.167,-1.050,0.000
46,-1,1535,477,103,271,1,8.167,-0.750,0.000
46,-1,1718,245,92,208,1,15.167,-0.450,0.000
46,-1,1577,69,62,155,1,23.500,3.150,0.000
46,-1,750,401,88,246,1,7.500,5.250,0.000
46,-1,960,275,70,211,1,11.500,5.550,0.000
46,-1,644,373,86,236,1,7.833,6.450,0.000
46,-1,307,417,100,243,1,5.833,8.250,0.000
46,-1,987,111,53,160,1,18.500,8.850,0.000
46,-1,161,364,102,227,1,6.500,10.350,0.000
46,-1,953,74,50,148,1,20.500,10.350,0.000
46,-1,668,168,62,174,1,14.500,10.650,0.000
46,-1,919,77,50,149,1,20.167,10.650,0.000
46,-1,903,66,49,145,1,20.833,11.250,0.000
46,-1,10,357,116,226,1,6.167,11.550,0.000
47,-1,1741,457,118,269,1,9.167,-1.950,0.000
47,-1,1508,560,111,295,1,6.500,-1.050,0.000
47,-1,1743,220,92,202,1,16.167,-0.450,0.000
47,-1,1582,49,60,150,1,24.833,3.450,0.000
47,-1,795,378,84,240,1,8.167,5.250,0.000
47,-1,994,259,68,206,1,12.167,5.550,0.000
47,-1,682,337,81,226,1,8.833,6.750,0.000
47,-1,992,195,62,186,1,14.500,6.750,0.000
47,-1,363,393,95,237,1,6.500,8.250,0.000
47,-1,971,86,51,152,1,19.833,9.750,0.000
47,-1,219,358,97,225,1,6.833,10.050,0.000
47,-1,698,178,63,178,1,14.167,10.050,0.000
47,-1,191,354,99,224,1,6.833,10.350,0.000
47,-1,968,60,48,144,1,21.500,10.650,0.000
47,-1,972,51,47,141,1,22.167,10.950,0.000
47,-1,44,347,111,223,1,6.500,11.550,0.000
47,-1,14,343,114,222,1,6.500,11.850,0.000
48,-1,1719,425,112,259,1,9.833,-1.650,0.000
48,-1,1759,376,111,246,1,11.167,-1.650,0.000
48,-1,1493,577,112,300,1,6.167,-1.050,0.000
48,-1,1761,239,96,208,1,15.500,-0.750,0.000
48,-1,1589,44,60,149,1,25.167,3.450,0.000
48,-1,827,341,80,230,1,9.167,5.550,0.000
48,-1,1026,243,66,201,1,12.833,5.550,0.000
48,-1,725,317,79,221,1,9.500,6.750,0.000
48,-1,413,357,89,227,1,7.500,8.550,0.000
48,-1,960,121,55,163,1,17.833,8.850,0.000
48,-1,996,77,50,149,1,20.500,9.750,0.000
48,-1,732,165,62,174,1,14.833,10.050,0.000
48,-1,986,71,49,147,1,20.833,10.050,0.000
48,-1,247,335,93,218,1,7.500,10.350,0.000
48,-1,989,61,48,144,1,21.500,10.350,0.000
48,-1,219,331,94,217,1,7.500,10.650,0.000
48,-1,994,43,46,139,1,22.833,10.950,0.000
48,-1,997,34,45,136,1,23.500,11.250,0.000
48,-1,76,338,107,220,1,6.833,11.550,0.000
48,-1,18,329,112,219,1,6.833,12.150,0.000
49,-1,1739,400,111,252,1,10.500,-1.650,0.000
49,-1,1759,376,111,246,1,11.167,-1.650,0.000
49,-1,1493,577,112,300,1,6.167,-1.050,0.000
49,-1,1777,222,96,204,1,16.167,-0.750,0.000
49,-1,1596,40,60,148,1,25.500,3.450,0.000
49,-1,1071,238,65,200,1,13.167,5.250,0.000
49,-1,847,331,78,227,1,9.500,5.550,0.000
49,-1,764,334,80,227,1,9.167,6.150,0.000
49,-1,462,336,85,222,1,8.167,8.550,0.000
49,-1,937,119,55,162,1,17.833,9.150,0.000
49,-1,273,325,90,216,1,7.833,10.350,0.000
49,-1,1008,30,45,135,1,23.833,11.250,0.000
49,-1,988,29,45,134,1,23.833,11.550,0.000
49,-1,110,316,101,213,1,7.500,11.850,0.000
49,-1,768,95,54,153,1,18.500,11.850,0.000
49,-1,803,75,51,147,1,19.833,12.150,0.000
49,-1,54,308,106,212,1,7.500,12.450,0.000
50,-1,1728,361,106,241,1,11.500,-1.350,0.000
50,-1,1461,613,115,310,1,5.500,-1.050,0.000
50,-1,1804,160,94,189,1,18.833,-0.450,0.000
50,-1,1600,22,59,143,1,26.833,3.750,0.000
50,-1,899,325,76,226,1,9.833,5.250,0.000
50,-1,1101,223,63,195,1,13.833,5.250,0.000
50,-1,795,301,76,217,1,10.167,6.450,0.000
50,-1,918,214,65,192,1,13.500,7.050,0.000
50,-1,504,304,80,213,1,9.167,8.850,0.000
50,-1,299,316,88,213,1,8.167,10.350,0.000
50,-1,796,103,54,155,1,18.167,11.250,0.000
50,-1,1021,18,44,131,1,24.833,11.550,0.000
50,-1,139,307,97,210,1,7.833,11.850,0.000
50,-1,84,299,102,209,1,7.833,12.450,0.000
50,-1,975,11,43,129,1,25.167,12.450,0.000
51,-1,1537,62,59,152,1,23.833,3.750,0.000
51,-1,1014,326,74,227,1,10.167,4.350,0.000
51,-1,1032,316,73,224,1,10.500,4.350,0.000
52,-1,1440,702,124,335,1,4.167,-1.350,0.000
52,-1,1728,315,100,228,1,12.833,-1.050,0.000
52,-1,1607,18,59,142,1,27.167,3.750,0.000
52,-1,1143,218,62,194,1,14.167,4.950,0.000
52,-1,955,296,73,218,1,10.833,5.250,0.000
52,-1,1192,146,55,172,1,17.500,5.850,0.000
52,-1,871,266,71,207,1,11.500,6.450,0.000
52,-1,875,219,66,193,1,13.167,7.350,0.000
52,-1,862,184,62,181,1,14.500,8.250,0.000
52,-1,576,289,77,210,1,9.833,8.550,0.000
52,-1,375,301,83,210,1,8.833,10.050,0.000
52,-1,347,286,83,205,1,9.167,10.650,0.000
52,-1,1061,4,42,128,1,26.167,11.550,0.000
52,-1,169,275,91,201,1,8.833,12.450,0.000
52,-1,195,267,89,199,1,9.167,12.450,0.000
52,-1,221,249,85,193,1,9.833,12.750,0.000
52,-1,742,71,51,145,1,19.833,13.050,0.000
53,-1,1728,315,100,228,1,12.833,-1.050,0.000
53,-1,1613,14,59,141,1,27.500,3.750,0.000
53,-1,1171,204,60,190,1,14.833,4.950,0.000
53,-1,977,267,69,209,1,11.833,5.550,0.000
53,-1,889,258,70,205,1,11.833,6.450,0.000
53,-1,1242,95,51,157,1,20.500,6.450,0.000
53,-1,862,184,62,181,1,14.500,8.250,0.000
53,-1,618,271,75,205,1,10.500,8.550,0.000
53,-1,391,258,78,197,1,10.167,10.950,0.000
53,-1,246,262,85,197,1,9.500,12.150,0.000
53,-1,195,267,89,199,1,9.167,12.450,0.000
53,-1,221,259,86,197,1,9.500,12.450,0.000
53,-1,720,86,53,149,1,18.833,12.750,0.000
54,-1,1440,702,124,335,1,4.167,-1.350,0.000
54,-1,1737,305,100,225,1,13.167,-1.050,0.000
54,-1,1692,23,67,148,1,26.833,2.550,0.000
54,-1,1620,10,59,141,1,27.833,3.750,0.000
54,-1,1197,191,59,186,1,15.500,4.950,0.000
54,-1,1007,270,69,210,1,11.833,5.250,0.000
54,-1,924,242,67,200,1,12.500,6.450,0.000
54,-1,1282,77,50,151,1,21.833,6.450,0.000
54,-1,1282,43,47,141,1,24.167,7.350,0.000
54,-1,839,207,65,188,1,13.500,7.950,0.000
54,-1,1284,21,45,135,1,25.833,7.950,0.000
54,-1,671,236,70,195,1,11.833,8.850,0.000
54,-1,416,261,77,198,1,10.167,10.650,0.000
54,-1,693,121,57,160,1,16.833,11.850,0.000
54,-1,270,255,83,195,1,9.833,12.150,0.000
54,-1,245,252,84,194,1,9.833,12.450,0.000
55,-1,1736,265,96,214,1,14.500,-0.750,0.000
55,-1,1675,19,65,146,1,27.167,2.850,0.000
55,-1,1626,6,60,140,1,28.167,3.750,0.000
55,-1,1211,200,61,189,1,15.167,4.650,0.000
55,-1,1321,125,56,166,1,19.167,4.950,0.000
55,-1,1026,243,66,201,1,12.833,5.550,0.000
55,-1,941,234,66,198,1,12.833,6.450,0.000
55,-1,690,229,69,193,1,12.167,8.850,0.000
55,-1,812,180,62,180,1,14.500,8.850,0.000
55,-1,928,112,54,160,1,18.167,9.450,0.000
55,-1,435,242,75,193,1,10.833,10.950,0.000
55,-1,456,235,73,191,1,11.167,10.950,0.000
55,-1,683,133,58,163,1,16.167,11.550,0.000
55,-1,318,250,80,194,1,10.167,11.850,0.000
55,-1,269,234,80,189,1,10.500,12.750,0.000
56,-1,1752,247,96,210,1,15.167,-0.750,0.000
56,-1,1675,19,65,146,1,27.167,2.850,0.000
56,-1,1245,165,58,178,1,16.833,4.950,0.000
56,-1,1369,99,55,159,1,20.833,4.950,0.000
56,-1,1057,227,64,197,1,13.500,5.550,0.000
56,-1,973,219,64,194,1,13.500,6.450,0.000
56,-1,778,219,67,191,1,12.833,8.250,0.000
56,-1,734,224,68,192,1,12.500,8.550,0.000
56,-1,962,80,50,150,1,20.167,10.050,0.000
56,-1,459,245,74,194,1,10.833,10.650,0.000
56,-1,339,232,77,189,1,10.833,12.150,0.000
56,-1,292,227,78,187,1,10.833,12.750,0.000
56,-1,646,111,56,156,1,17.167,12.750,0.000
57,-1,1743,220,92,202,1,16.167,-0.450,0.000
57,-1,1668,23,65,146,1,26.833,2.850,0.000
57,-1,1399,113,57,163,1,20.167,4.350,0.000
57,-1,1257,159,58,176,1,17.167,4.950,0.000
57,-1,1072,220,63,194,1,13.833,5.550,0.000
57,-1,989,212,64,191,1,13.833,6.450,0.000
57,-1,761,200,65,185,1,13.500,8.850,0.000
57,-1,476,227,72,189,1,11.500,10.950,0.000
57,-1,497,220,71,187,1,11.833,10.950,0.000
57,-1,997,34,45,136,1,23.500,11.250,0.000
57,-1,384,227,74,188,1,11.167,11.850,0.000
57,-1,337,222,76,186,1,11.167,12.450,0.000
57,-1,630,116,57,158,1,16.833,12.750,0.000
58,-1,1759,205,92,198,1,16.833,-0.450,0.000
58,-1,1656,32,64,148,1,26.167,2.850,0.000
58,-1,1654,2,62,140,1,28.500,3.450,0.000
58,-1,1661,-1,62,140,1,28.833,3.450,0.000
58,-1,1450,99,58,160,1,21.167,4.050,0.000
58,-1,1279,147,57,173,1,17.833,4.950,0.000
58,-1,1101,206,61,190,1,14.500,5.550,0.000
58,-1,1007,189,61,184,1,14.833,6.750,0.000
58,-1,795,186,63,181,1,14.167,8.850,0.000
58,-1,719,204,66,186,1,13.167,9.150,0.000
58,-1,1017,79,50,150,1,20.500,9.450,0.000
58,-1,521,222,70,188,1,11.833,10.650,0.000
58,-1,497,220,71,187,1,11.833,10.950,0.000
58,-1,382,218,73,185,1,11.500,12.150,0.000
58,-1,403,211,72,183,1,11.833,12.150,0.000
58,-1,590,147,61,166,1,15.167,12.150,0.000
59,-1,1767,197,92,197,1,17.167,-0.450,0.000
59,-1,1636,46,64,151,1,25.167,2.850,0.000
59,-1,1490,108,60,163,1,20.833,3.450,0.000
59,-1,1300,136,56,169,1,18.500,4.950,0.000
59,-1,1115,199,60,188,1,14.833,5.550,0.000
59,-1,1036,176,59,180,1,15.500,6.750,0.000
59,-1,1044,121,54,163,1,18.167,7.950,0.000
59,-1,1048,98,51,156,1,19.500,8.550,0.000
59,-1,828,173,61,178,1,14.833,8.850,0.000
59,-1,676,209,67,187,1,12.833,9.450,0.000
59,-1,532,196,67,181,1,12.833,11.250,0.000
59,-1,470,208,70,183,1,12.167,11.550,0.000
59,-1,564,175,64,175,1,13.833,11.550,0.000
59,-1,403,211,72,183,1,11.833,12.150,0.000
59,-1,423,204,71,181,1,12.167,12.150,0.000
59,-1,761,89,53,151,1,18.833,12.150,0.000
59,-1,961,23,44,132,1,24.167,12.150,0.000
60,-1,1774,189,93,195,1,17.500,-0.450,0.000
60,-1,1532,116,63,167,1,20.500,2.850,0.000
60,-1,1605,50,62,151,1,24.833,3.150,0.000
60,-1,1311,130,56,168,1,18.833,4.950,0.000
60,-1,1142,170,57,179,1,16.167,5.850,0.000
60,-1,1064,163,58,177,1,16.167,6.750,0.000
60,-1,860,161,60,174,1,15.500,8.850,0.000
60,-1,1073,77,49,150,1,20.833,8.850,0.000
60,-1,1075,57,47,144,1,22.167,9.450,0.000
60,-1,943,44,47,139,1,22.500,11.550,0.000
60,-1,466,199,69,181,1,12.500,11.850,0.000
60,-1,524,179,66,175,1,13.500,11.850,0.000
60,-1,542,173,65,174,1,13.833,11.850,0.000
60,-1,443,197,69,180,1,12.500,12.150,0.000
60,-1,732,99,54,153,1,18.167,12.150,0.000
61,-1,1772,159,89,187,1,18.833,-0.150,0.000
61,-1,1571,89,63,160,1,22.167,2.850,0.000
61,-1,1579,84,63,159,1,22.500,2.850,0.000
61,-1,1331,120,56,165,1,19.500,4.950,0.000
61,-1,1168,173,57,180,1,16.167,5.550,0.000
61,-1,1090,166,57,178,1,16.167,6.450,0.000
61,-1,1090,151,56,173,1,16.833,6.750,0.000
61,-1,890,149,58,171,1,16.167,8.850,0.000
61,-1,1096,49,46,141,1,22.833,9.450,0.000
61,-1,545,224,70,189,1,11.833,10.350,0.000
61,-1,532,196,67,181,1,12.833,11.250,0.000
61,-1,551,190,66,179,1,13.167,11.250,0.000
61,-1,509,194,68,180,1,12.833,11.550,0.000
61,-1,907,56,48,142,1,21.500,11.550,0.000
61,-1,505,186,67,177,1,13.167,11.850,0.000
61,-1,463,190,68,178,1,12.833,12.150,0.000
61,-1,482,184,67,176,1,13.167,12.150,0.000
61,-1,712,97,54,153,1,18.167,12.450,0.000
62,-1,1772,159,89,187,1,18.833,-0.150,0.000
62,-1,1591,113,67,167,1,20.833,2.250,0.000
62,-1,1562,78,62,157,1,22.833,3.150,0.000
62,-1,1345,127,57,167,1,19.167,4.650,0.000
62,-1,1181,166,57,178,1,16.500,5.550,0.000
62,-1,1103,146,55,171,1,17.167,6.750,0.000
62,-1,919,137,57,167,1,16.833,8.850,0.000
62,-1,1117,50,46,142,1,22.833,9.150,0.000
62,-1,529,242,73,195,1,11.167,10.050,0.000
62,-1,574,192,66,180,1,13.167,10.950,0.000
62,-1,890,70,50,146,1,20.500,11.250,0.000
62,-1,505,186,67,177,1,13.167,11.850,0.000
62,-1,501,177,66,174,1,13.500,12.150,0.000
63,-1,1756,145,86,183,1,19.500,0.150,0.000
63,-1,1625,109,69,167,1,21.167,1.950,0.000
63,-1,1538,77,60,156,1,22.833,3.450,0.000
63,-1,1365,116,56,164,1,19.833,4.650,0.000
63,-1,1205,154,56,175,1,17.167,5.550,0.000
63,-1,1116,127,53,166,1,18.167,7.050,0.000
63,-1,1116,115,52,162,1,18.833,7.350,0.000
63,-1,1128,66,47,147,1,21.833,8.550,0.000
63,-1,933,132,56,166,1,17.167,8.850,0.000
63,-1,1117,60,47,145,1,22.167,8.850,0.000
63,-1,1138,25,43,135,1,24.833,9.750,0.000
63,-1,488,258,75,199,1,10.500,10.050,0.000
63,-1,1147,13,42,131,1,25.833,10.050,0.000
63,-1,493,210,70,184,1,12.167,11.250,0.000
63,-1,542,173,65,174,1,13.833,11.850,0.000
63,-1,560,167,64,172,1,14.167,11.850,0.000
63,-1,607,141,60,165,1,15.500,12.150,0.000
63,-1,855,58,49,142,1,21.167,12.150,0.000
63,-1,479,175,66,174,1,13.500,12.450,0.000
64,-1,1741,131,83,178,1,20.167,0.450,0.000
64,-1,1676,136,76,176,1,19.833,1.050,0.000
64,-1,1530,82,60,157,1,22.500,3.450,0.000
64,-1,1378,94,55,158,1,21.167,4.950,0.000
64,-1,1228,143,55,171,1,17.833,5.550,0.000
64,-1,1141,129,53,166,1,18.167,6.750,0.000
64,-1,951,114,54,160,1,18.167,9.150,0.000
64,-1,1167,23,43,134,1,25.167,9.450,0.000
64,-1,441,263,77,200,1,10.167,10.350,0.000
64,-1,1099,14,42,131,1,25.500,10.650,0.000
64,-1,1108,11,42,130,1,25.833,10.650,0.000
64,-1,446,206,70,182,1,12.167,11.850,0.000
64,-1,578,160,63,170,1,14.500,11.850,0.000
64,-1,629,143,60,166,1,15.500,11.850,0.000
64,-1,443,197,69,180,1,12.500,12.150,0.000
64,-1,556,159,63,170,1,14.500,12.150,0.000
64,-1,816,71,51,146,1,20.167,12.150,0.000
65,-1,1713,106,77,170,1,21.500,1.050,0.000
65,-1,1515,92,60,159,1,21.833,3.450,0.000
65,-1,1408,108,57,162,1,20.500,4.350,0.000
65,-1,1240,137,55,169,1,18.167,5.550,0.000
65,-1,1164,118,52,163,1,18.833,6.750,0.000
65,-1,968,97,52,155,1,19.167,9.450,0.000
65,-1,396,280,80,204,1,9.500,10.350,0.000
65,-1,1088,26,44,134,1,24.500,10.350,0.000
65,-1,1068,25,44,134,1,24.500,10.650,0.000
65,-1,408,230,74,189,1,11.167,11.550,0.000
65,-1,651,144,60,166,1,15.500,11.550,0.000
65,-1,578,160,63,170,1,14.500,11.850,0.000
65,-1,595,154,62,169,1,14.833,11.850,0.000
65,-1,789,80,52,148,1,19.500,12.150,0.000
66,-1,1719,124,80,175,1,20.500,0.750,0.000
66,-1,1498,102,60,162,1,21.167,3.450,0.000
66,-1,1419,86,55,156,1,21.833,4.650,0.000
66,-1,1261,126,54,166,1,18.833,5.550,0.000
66,-1,1176,113,52,162,1,19.167,6.750,0.000
66,-1,1187,108,51,160,1,19.500,6.750,0.000
66,-1,355,336,88,220,1,7.833,9.450,0.000
66,-1,993,88,51,153,1,19.833,9.450,0.000
66,-1,1211,-1,41,127,1,27.500,9.750,0.000
66,-1,1058,29,44,135,1,24.167,10.650,0.000
66,-1,1049,24,44,133,1,24.500,10.950,0.000
66,-1,673,146,60,167,1,15.500,11.250,0.000
66,-1,386,237,76,191,1,10.833,11.550,0.000
66,-1,617,156,62,170,1,14.833,11.550,0.000
66,-1,595,154,62,169,1,14.833,11.850,0.000
66,-1,556,159,63,170,1,14.500,12.150,0.000
67,-1,1756,145,86,183,1,19.500,0.150,0.000
67,-1,1694,77,72,162,1,23.167,1.650,0.000
67,-1,1490,91,59,158,1,21.833,3.750,0.000
67,-1,1450,99,58,160,1,21.167,4.050,0.000
67,-1,1279,104,53,160,1,20.167,5.850,0.000
67,-1,1200,115,52,162,1,19.167,6.450,0.000
67,-1,304,370,94,229,1,6.833,9.150,0.000
67,-1,303,356,93,225,1,7.167,9.450,0.000
67,-1,1008,73,49,148,1,20.833,9.750,0.000
67,-1,1046,41,46,139,1,23.167,10.350,0.000
67,-1,365,245,77,193,1,10.500,11.550,0.000
67,-1,634,150,61,168,1,15.167,11.550,0.000
67,-1,699,128,58,162,1,16.500,11.550,0.000
67,-1,516,163,64,170,1,14.167,12.450,0.000
68,-1,1808,125,91,180,1,20.500,-0.150,0.000
68,-1,1659,104,72,167,1,21.500,1.650,0.000
68,-1,1473,118,61,166,1,20.167,3.450,0.000
68,-1,1474,101,59,161,1,21.167,3.750,0.000
68,-1,1289,99,52,158,1,20.500,5.850,0.000
68,-1,1219,94,50,156,1,20.500,6.750,0.000
68,-1,247,392,100,235,1,6.167,9.150,0.000
68,-1,1041,70,49,147,1,21.167,9.450,0.000
68,-1,715,122,57,160,1,16.833,11.550,0.000
68,-1,999,25,44,133,1,24.167,11.550,0.000
68,-1,1010,22,44,132,1,24.500,11.550,0.000
68,-1,340,242,78,192,1,10.500,11.850,0.000
68,-1,678,126,58,161,1,16.500,11.850,0.000
68,-1,656,124,58,160,1,16.500,12.150,0.000
68,-1,479,175,66,174,1,13.500,12.450,0.000
69,-1,1825,139,94,185,1,19.833,-0.450,0.000
69,-1,859,702,115,328,1,2.833,1.650,0.000
69,-1,1643,76,67,159,1,23.167,2.250,0.000
69,-1,1457,111,59,164,1,20.500,3.750,0.000
69,-1,1483,80,57,155,1,22.500,4.050,0.000
69,-1,1308,89,52,155,1,21.167,5.850,0.000
69,-1,1230,89,50,155,1,20.833,6.750,0.000
69,-1,187,415,106,241,1,5.500,9.150,0.000
69,-1,1054,56,47,143,1,22.167,9.750,0.000
69,-1,796,122,56,161,1,17.167,10.650,0.000
69,-1,986,38,46,137,1,23.167,11.250,0.000
69,-1,745,112,56,158,1,17.500,11.550,0.000
69,-1,977,33,45,135,1,23.500,11.550,0.000
69,-1,693,121,57,160,1,16.833,11.850,0.000
69,-1,316,239,79,191,1,10.500,12.150,0.000
69,-1,463,190,68,178,1,12.833,12.150,0.000
69,-1,651,118,57,158,1,16.833,12.450,0.000
70,-1,908,588,102,300,1,4.500,2.250,0.000
70,-1,1643,76,67,159,1,23.167,2.250,0.000
70,-1,1444,154,63,176,1,18.167,3.150,0.000
70,-1,1499,70,57,153,1,23.167,4.050,0.000
70,-1,1327,80,52,153,1,21.833,5.850,0.000
70,-1,1250,80,50,152,1,21.500,6.750,0.000
70,-1,124,422,112,243,1,5.167,9.450,0.000
70,-1,1077,39,45,138,1,23.500,10.050,0.000
70,-1,1067,34,45,137,1,23.833,10.350,0.000
70,-1,788,115,55,159,1,17.500,10.950,0.000
70,-1,817,104,54,156,1,18.167,10.950,0.000
70,-1,767,113,56,158,1,17.500,11.250,0.000
70,-1,295,268,83,199,1,9.500,11.550,0.000
70,-1,429,222,73,187,1,11.500,11.550,0.000
70,-1,966,36,46,137,1,23.167,11.550,0.000
70,-1,724,110,56,157,1,17.500,11.850,0.000
70,-1,703,109,56,156,1,17.500,12.150,0.000
70,-1,619,128,59,161,1,16.167,12.450,0.000
71,-1,1811,153,94,188,1,19.167,-0.450,0.000
71,-1,970,621,103,309,1,4.167,1.650,0.000
71,-1,1643,76,67,159,1,23.167,2.250,0.000
71,-1,1435,161,63,178,1,17.833,3.150,0.000
71,-1,1514,61,57,151,1,23.833,4.050,0.000
71,-1,1345,71,51,150,1,22.500,5.850,0.000
71,-1,1260,75,49,151,1,21.833,6.750,0.000
71,-1,1341,-2,44,129,1,28.167,7.950,0.000
71,-1,57,429,119,246,1,4.833,9.750,0.000
71,-1,1087,35,45,137,1,23.833,10.050,0.000
71,-1,839,106,54,157,1,18.167,10.650,0.000
71,-1,923,67,49,146,1,20.833,10.950,0.000
71,-1,781,108,55,157,1,17.833,11.250,0.000
71,-1,408,230,74,189,1,11.167,11.550,0.000
71,-1,760,107,55,156,1,17.833,11.550,0.000
71,-1,270,265,84,198,1,9.500,11.850,0.000
71,-1,724,110,56,157,1,17.500,11.850,0.000
71,-1,581,132,59,162,1,15.833,12.750,0.000
72,-1,1811,153,94,188,1,19.167,-0.450,0.000
72,-1,1020,585,98,300,1,4.833,1.650,0.000
72,-1,1646,55,66,154,1,24.500,2.550,0.000
72,-1,1423,189,65,186,1,16.500,2.850,0.000
72,-1,1537,62,59,152,1,23.833,3.750,0.000
72,-1,1359,77,52,152,1,22.167,5.550,0.000
72,-1,1279,66,49,148,1,22.500,6.750,0.000
72,-1,14,459,127,255,1,4.167,9.450,0.000
72,-1,1118,32,44,137,1,24.167,9.750,0.000
72,-1,867,96,53,154,1,18.833,10.650,0.000
72,-1,803,110,55,158,1,17.833,10.950,0.000
72,-1,885,81,51,149,1,19.833,10.950,0.000
72,-1,220,282,88,203,1,8.833,11.850,0.000
72,-1,384,227,74,188,1,11.167,11.850,0.000
72,-1,753,100,54,154,1,18.167,11.850,0.000
72,-1,556,159,63,170,1,14.500,12.150,0.000
73,-1,1807,190,97,197,1,17.500,-0.750,0.000
73,-1,1067,551,94,291,1,5.500,1.650,0.000
73,-1,1402,202,66,190,1,15.833,2.850,0.000
73,-1,1642,41,64,150,1,25.500,2.850,0.000
73,-1,1559,48,59,149,1,24.833,3.750,0.000
73,-1,1363,62,51,148,1,23.167,5.850,0.000
73,-1,1288,62,49,147,1,22.833,6.750,0.000
73,-1,1128,29,43,136,1,24.500,9.750,0.000
73,-1,825,111,55,158,1,17.833,10.650,0.000
73,-1,880,91,52,153,1,19.167,10.650,0.000
73,-1,803,110,55,158,1,17.833,10.950,0.000
73,-1,781,108,55,157,1,17.833,11.250,0.000
73,-1,365,245,77,193,1,10.500,11.550,0.000
73,-1,194,290,91,205,1,8.500,11.850,0.000
73,-1,520,171,65,173,1,13.833,12.150,0.000
74,-1,1792,206,97,200,1,16.833,-0.750,0.000
74,-1,1111,519,91,283,1,6.167,1.650,0.000
74,-1,1395,186,64,185,1,16.500,3.150,0.000
74,-1,1632,32,62,147,1,26.167,3.150,0.000
74,-1,1589,44,60,149,1,25.167,3.450,0.000
74,-1,1382,156,61,176,1,17.833,3.750,0.000
74,-1,1380,54,51,146,1,23.833,5.850,0.000
74,-1,1311,40,47,141,1,24.500,7.050,0.000
74,-1,1137,17,42,132,1,25.500,10.050,0.000
74,-1,1147,13,42,131,1,25.833,10.050,0.000
74,-1,875,103,53,156,1,18.500,10.350,0.000
74,-1,915,88,52,152,1,19.500,10.350,0.000
74,-1,810,98,54,154,1,18.500,11.250,0.000
74,-1,139,307,97,210,1,7.833,11.850,0.000
74,-1,318,250,80,194,1,10.167,11.850,0.000
75,-1,1785,214,97,202,1,16.500,-0.750,0.000
75,-1,1150,455,85,265,1,7.500,1.950,0.000
75,-1,1369,224,67,196,1,14.833,2.850,0.000
75,-1,1632,32,62,147,1,26.167,3.150,0.000
75,-1,1609,31,61,146,1,26.167,3.450,0.000
75,-1,1391,36,49,141,1,25.167,6.150,0.000
75,-1,1324,45,48,143,1,24.167,6.750,0.000
75,-1,1156,10,42,130,1,26.167,10.050,0.000
75,-1,1166,6,41,129,1,26.500,10.050,0.000
75,-1,888,98,53,155,1,18.833,10.350,0.000
75,-1,867,96,53,154,1,18.833,10.650,0.000
75,-1,919,77,50,149,1,20.167,10.650,0.000
75,-1,831,100,53,155,1,18.500,10.950,0.000
75,-1,845,95,53,153,1,18.833,10.950,0.000
75,-1,108,329,103,217,1,7.167,11.550,0.000
75,-1,295,268,83,199,1,9.500,11.550,0.000
75,-1,789,97,54,153,1,18.500,11.550,0.000
76,-1,1777,222,96,204,1,16.167,-0.750,0.000
76,-1,1188,460,87,267,1,7.500,1.650,0.000
76,-1,1346,239,68,201,1,14.167,2.850,0.000
76,-1,1623,23,61,144,1,26.833,3.450,0.000
76,-1,1399,32,49,140,1,25.500,6.150,0.000
76,-1,1337,29,47,138,1,25.500,7.050,0.000
76,-1,1184,0,41,128,1,27.167,10.050,0.000
76,-1,902,93,52,153,1,19.167,10.350,0.000
76,-1,853,101,53,155,1,18.500,10.650,0.000
76,-1,867,96,53,154,1,18.833,10.650,0.000
76,-1,944,69,49,146,1,20.833,10.650,0.000
76,-1,272,288,86,205,1,8.833,11.250,0.000
76,-1,79,325,105,216,1,7.167,11.850,0.000
76,-1,753,100,54,154,1,18.167,11.850,0.000
76,-1,768,95,54,153,1,18.500,11.850,0.000
77,-1,1761,239,96,208,1,15.500,-0.750,0.000
77,-1,1223,434,85,259,1,8.167,1.650,0.000
77,-1,1327,275,71,212,1,12.833,2.550,0.000
77,-1,1645,23,63,145,1,26.833,3.150,0.000
77,-1,1613,14,59,141,1,27.500,3.750,0.000
77,-1,1407,28,49,139,1,25.833,6.150,0.000
77,-1,1353,21,47,136,1,26.167,7.050,0.000
77,-1,1353,1,45,130,1,27.833,7.650,0.000
77,-1,965,70,49,147,1,20.833,10.350,0.000
77,-1,919,77,50,149,1,20.167,10.650,0.000
77,-1,944,69,49,146,1,20.833,10.650,0.000
77,-1,872,85,52,151,1,19.500,10.950,0.000
77,-1,220,305,91,210,1,8.167,11.250,0.000
77,-1,709,115,56,158,1,17.167,11.850,0.000
77,-1,724,110,56,157,1,17.500,11.850,0.000
78,-1,1754,286,100,220,1,13.833,-1.050,0.000
78,-1,1264,344,77,233,1,10.500,2.250,0.000
78,-1,1292,324,76,226,1,11.167,2.250,0.000
78,-1,1288,301,73,220,1,11.833,2.550,0.000
78,-1,1668,23,65,146,1,26.833,2.850,0.000
78,-1,1422,20,49,137,1,26.500,6.150,0.000
78,-1,1361,17,47,135,1,26.500,7.050,0.000
78,-1,953,74,50,148,1,20.500,10.350,0.000
78,-1,906,82,51,150,1,19.833,10.650,0.000
78,-1,968,60,48,144,1,21.500,10.650,0.000
78,-1,192,327,96,216,1,7.500,10.950,0.000
78,-1,898,76,50,148,1,20.167,10.950,0.000
78,-1,997,34,45,136,1,23.500,11.250,0.000
78,-1,678,126,58,161,1,16.500,11.850,0.000
79,-1,1745,295,100,223,1,13.500,-1.050,0.000
79,-1,1306,314,75,224,1,11.500,2.250,0.000
79,-1,1274,311,74,222,1,11.500,2.550,0.000
79,-1,1686,27,67,148,1,26.500,2.550,0.000
79,-1,1430,17,49,136,1,26.833,6.150,0.000
79,-1,1369,14,47,134,1,26.833,7.050,0.000
79,-1,953,74,50,148,1,20.500,10.350,0.000
79,-1,162,350,100,223,1,6.833,10.650,0.000
79,-1,919,77,50,149,1,20.167,10.650,0.000
79,-1,983,47,47,140,1,22.500,10.950,0.000
79,-1,994,43,46,139,1,22.833,10.950,0.000
79,-1,997,34,45,136,1,23.500,11.250,0.000
79,-1,634,150,61,168,1,15.167,11.550,0.000
79,-1,999,25,44,133,1,24.167,11.550,0.000
79,-1,1002,17,44,131,1,24.833,11.850,0.000
80,-1,1728,315,100,228,1,12.833,-1.050,0.000
80,-1,1352,309,76,222,1,11.833,1.950,0.000
80,-1,1260,320,74,225,1,11.167,2.550,0.000
80,-1,1444,9,49,135,1,27.500,6.150,0.000
80,-1,1377,10,47,133,1,27.167,7.050,0.000
80,-1,932,73,50,147,1,20.500,10.650,0.000
80,-1,103,356,106,225,1,6.500,10.950,0.000
80,-1,1017,35,45,137,1,23.500,10.950,0.000
80,-1,600,162,63,171,1,14.500,11.550,0.000
80,-1,617,156,62,170,1,14.833,11.550,0.000
80,-1,972,19,44,131,1,24.500,12.150,0.000
81,-1,1709,336,101,233,1,12.167,-1.050,0.000
81,-1,1718,325,100,230,1,12.500,-1.050,0.000
81,-1,1393,336,80,230,1,11.167,1.350,0.000
81,-1,1245,330,75,228,1,10.833,2.550,0.000
81,-1,1033,55,47,143,1,22.167,10.050,0.000
81,-1,64,396,115,236,1,5.500,10.350,0.000
81,-1,560,167,64,172,1,14.167,11.850,0.000
81,-1,947,35,46,136,1,23.167,11.850,0.000
81,-1,969,28,45,134,1,23.833,11.850,0.000
81,-1,980,24,44,133,1,24.167,11.850,0.000
81,-1,991,21,44,132,1,24.500,11.850,0.000
82,-1,1699,346,101,236,1,11.833,-1.050,0.000
82,-1,1709,336,101,233,1,12.167,-1.050,0.000
82,-1,1427,340,82,231,1,11.167,1.050,0.000
82,-1,1230,340,76,231,1,10.500,2.550,0.000
82,-1,1245,330,75,228,1,10.833,2.550,0.000
82,-1,1035,45,46,140,1,22.833,10.350,0.000
82,-1,1006,39,46,138,1,23.167,10.950,0.000
82,-1,986,38,46,137,1,23.167,11.250,0.000
82,-1,546,181,65,176,1,13.500,11.550,0.000
82,-1,966,36,46,137,1,23.167,11.550,0.000
82,-1,524,179,66,175,1,13.500,11.850,0.000
82,-1,958,31,45,135,1,23.500,11.850,0.000
82,-1,950,27,45,133,1,23.833,12.150,0.000
83,-1,1679,368,101,242,1,11.167,-1.050,0.000
83,-1,1689,357,101,239,1,11.500,-1.050,0.000
83,-1,1463,311,80,222,1,12.167,1.050,0.000
83,-1,1217,376,79,242,1,9.500,2.250,0.000
83,-1,1055,46,46,140,1,22.833,10.050,0.000
83,-1,1026,40,46,138,1,23.167,10.650,0.000
83,-1,994,43,46,139,1,22.833,10.950,0.000
83,-1,955,40,46,138,1,22.833,11.550,0.000
83,-1,486,192,68,179,1,12.833,11.850,0.000
84,-1,1637,416,103,255,1,9.833,-1.050,0.000
84,-1,1669,380,102,245,1,10.833,-1.050,0.000
84,-1,1508,274,78,212,1,13.500,1.050,0.000
84,-1,1220,404,82,250,1,8.833,1.950,0.000
84,-1,1201,388,80,246,1,9.167,2.250,0.000
84,-1,1058,29,44,135,1,24.167,10.650,0.000
84,-1,983,47,47,140,1,22.500,10.950,0.000
84,-1,1029,23,44,133,1,24.500,11.250,0.000
84,-1,463,190,68,178,1,12.833,12.150,0.000
84,-1,441,188,68,177,1,12.833,12.450,0.000
84,-1,912,25,45,132,1,23.833,12.750,0.000
84,-1,905,20,45,131,1,24.167,13.050,0.000
85,-1,1659,391,102,248,1,10.500,-1.050,0.000
85,-1,1620,387,98,246,1,10.500,-0.750,0.000
85,-1,1582,383,95,244,1,10.500,-0.450,0.000
85,-1,1203,416,83,254,1,8.500,1.950,0.000
85,-1,1068,25,44,134,1,24.500,10.650,0.000
85,-1,994,43,46,139,1,22.833,10.950,0.000
85,-1,997,34,45,136,1,23.500,11.250,0.000
85,-1,1040,19,43,132,1,24.833,11.250,0.000
85,-1,999,25,44,133,1,24.167,11.550,0.000
85,-1,426,213,72,184,1,11.833,11.850,0.000
85,-1,892,46,47,139,1,22.167,12.150,0.000
86,-1,1609,399,99,249,1,10.167,-0.750,0.000
86,-1,1534,431,97,258,1,9.167,-0.450,0.000
86,-1,1582,383,95,244,1,10.500,-0.450,0.000
86,-1,1586,302,86,221,1,12.833,0.150,0.000
86,-1,1186,429,84,258,1,8.167,1.950,0.000
86,-1,1068,25,44,134,1,24.500,10.650,0.000
86,-1,1049,24,44,133,1,24.500,10.950,0.000
86,-1,1059,20,43,132,1,24.833,10.950,0.000
86,-1,1069,17,43,131,1,25.167,10.950,0.000
86,-1,1008,30,45,135,1,23.833,11.250,0.000
86,-1,408,230,74,189,1,11.167,11.550,0.000
86,-1,384,227,74,188,1,11.167,11.850,0.000
86,-1,867,54,48,141,1,21.500,12.150,0.000
86,-1,853,43,47,138,1,22.167,12.750,0.000
87,-1,1547,419,97,254,1,9.500,-0.450,0.000
87,-1,1468,452,97,264,1,8.500,-0.150,0.000
87,-1,1598,228,79,200,1,15.500,0.750,0.000
87,-1,1171,509,92,280,1,6.500,1.350,0.000
87,-1,1088,26,44,134,1,24.500,10.350,0.000
87,-1,1049,24,44,133,1,24.500,10.950,0.000
87,-1,1059,20,43,132,1,24.833,10.950,0.000
87,-1,1029,23,44,133,1,24.500,11.250,0.000
87,-1,1021,18,44,131,1,24.833,11.550,0.000
87,-1,339,232,77,189,1,10.833,12.150,0.000
87,-1,361,225,75,187,1,11.167,12.150,0.000
87,-1,842,62,49,143,1,20.833,12.150,0.000
87,-1,835,57,49,142,1,21.167,12.450,0.000
88,-1,1482,439,96,260,1,8.833,-0.150,0.000
88,-1,1400,474,96,270,1,7.833,0.150,0.000
88,-1,1629,230,82,201,1,15.500,0.450,0.000
88,-1,1151,525,93,284,1,6.167,1.350,0.000
88,-1,1089,18,43,132,1,25.167,10.650,0.000
88,-1,1099,14,42,131,1,25.500,10.650,0.000
88,-1,1079,13,42,131,1,25.500,10.950,0.000
88,-1,1029,23,44,133,1,24.500,11.250,0.000
88,-1,318,250,80,194,1,10.167,11.850,0.000
88,-1,823,77,51,148,1,19.833,11.850,0.000
88,-1,294,247,80,193,1,10.167,12.150,0.000
89,-1,1429,447,94,262,1,8.500,0.150,0.000
89,-1,1391,442,92,261,1,8.500,0.450,0.000
89,-1,1655,207,81,195,1,16.500,0.450,0.000
89,-1,1337,450,91,263,1,8.167,0.750,0.000
89,-1,1131,541,93,289,1,5.833,1.350,0.000
89,-1,1151,525,93,284,1,6.167,1.350,0.000
89,-1,1099,14,42,131,1,25.500,10.650,0.000
89,-1,1040,19,43,132,1,24.833,11.250,0.000
89,-1,270,265,84,198,1,9.500,11.850,0.000
89,-1,796,86,52,150,1,19.167,11.850,0.000
89,-1,1033,7,42,128,1,25.833,11.850,0.000
89,-1,769,78,52,148,1,19.500,12.450,0.000
90,-1,1664,200,82,194,1,16.833,0.450,0.000
90,-1,1337,450,91,263,1,8.167,0.750,0.000
90,-1,1131,581,97,299,1,5.167,1.050,0.000
90,-1,1108,11,42,130,1,25.833,10.650,0.000
90,-1,1050,16,43,131,1,25.167,11.250,0.000
90,-1,220,282,88,203,1,8.833,11.850,0.000
90,-1,769,78,52,148,1,19.500,12.450,0.000
90,-1,735,82,52,148,1,19.167,12.750,0.000
91,-1,1680,185,82,190,1,17.500,0.450,0.000
91,-1,1131,625,102,311,1,4.500,0.750,0.000
91,-1,1282,458,90,266,1,7.833,1.050,0.000
91,-1,1227,466,89,268,1,7.500,1.350,0.000
91,-1,1109,3,41,128,1,26.500,10.950,0.000
91,-1,1061,4,42,128,1,26.167,11.550,0.000
91,-1,167,298,94,208,1,8.167,11.850,0.000
91,-1,718,104,55,155,1,17.833,12.150,0.000
92,-1,1696,171,82,187,1,18.167,0.450,0.000
92,-1,1131,625,102,311,1,4.500,0.750,0.000
92,-1,1153,606,101,306,1,4.833,0.750,0.000
92,-1,1109,599,99,304,1,4.833,1.050,0.000
92,-1,1131,581,97,299,1,5.167,1.050,0.000
92,-1,1099,0,41,126,1,26.833,11.250,0.000
92,-1,137,320,99,214,1,7.500,11.550,0.000
92,-1,1071,1,41,127,1,26.500,11.550,0.000
92,-1,682,107,56,155,1,17.500,12.450,0.000
93,-1,1131,673,106,323,1,3.833,0.450,0.000
93,-1,1712,130,79,177,1,20.167,0.750,0.000
93,-1,1089,534,93,287,1,5.833,1.650,0.000
93,-1,1111,519,91,283,1,6.167,1.650,0.000
93,-1,105,342,104,221,1,6.833,11.250,0.000
93,-1,76,338,107,220,1,6.833,11.550,0.000
93,-1,1071,1,41,127,1,26.500,11.550,0.000
93,-1,662,131,58,163,1,16.167,11.850,0.000
94,-1,1726,144,82,181,1,19.500,0.450,0.000
94,-1,988,501,91,277,1,6.167,2.550,0.000
94,-1,35,523,133,274,1,3.167,8.250,0.000
94,-1,44,483,127,262,1,3.833,8.850,0.000
94,-1,44,347,111,223,1,6.500,11.550,0.000
94,-1,619,128,59,161,1,16.167,12.450,0.000
94,-1,635,123,58,160,1,16.500,12.450,0.000
95,-1,1734,138,82,179,1,19.833,0.450,0.000
95,-1,909,489,93,273,1,6.167,3.150,0.000
95,-1,35,523,133,274,1,3.167,8.250,0.000
95,-1,1,387,121,235,1,5.500,10.950,0.000
95,-1,595,154,62,169,1,14.833,11.850,0.000
96,-1,1756,145,86,183,1,19.500,0.150,0.000
96,-1,821,513,98,279,1,5.500,3.450,0.000
96,-1,71,529,130,275,1,3.167,7.950,0.000
96,-1,564,175,64,175,1,13.833,11.550,0.000
96,-1,542,173,65,174,1,13.833,11.850,0.000
97,-1,1801,132,90,182,1,20.167,-0.150,0.000
97,-1,1763,138,86,181,1,19.833,0.150,0.000
97,-1,723,462,95,263,1,6.167,4.650,0.000
97,-1,75,508,127,269,1,3.500,8.250,0.000
97,-1,528,188,66,178,1,13.167,11.550,0.000
97,-1,505,186,67,177,1,13.167,11.850,0.000
98,-1,1801,132,90,182,1,20.167,-0.150,0.000
98,-1,1763,138,86,181,1,19.833,0.150,0.000
98,-1,636,484,99,268,1,5.500,4.950,0.000
98,-1,113,494,122,264,1,3.833,8.250,0.000
98,-1,36,376,115,231,1,5.833,10.950,0.000
98,-1,489,201,69,182,1,12.500,11.550,0.000
98,-1,466,199,69,181,1,12.500,11.850,0.000
98,-1,486,192,68,179,1,12.833,11.850,0.000
99,-1,1763,138,86,181,1,19.833,0.150,0.000
99,-1,545,507,104,273,1,4.833,5.250,0.000
99,-1,151,462,115,255,1,4.500,8.550,0.000
99,-1,126,405,110,239,1,5.500,9.750,0.000
99,-1,128,390,108,234,1,5.833,10.050,0.000
99,-1,426,213,72,184,1,11.833,11.850,0.000
99,-1,446,206,70,182,1,12.167,11.850,0.000
100,-1,1756,145,86,183,1,19.500,0.150,0.000
100,-1,417,526,110,276,1,4.167,5.850,0.000
100,-1,185,449,111,251,1,4.833,8.550,0.000
100,-1,186,431,108,246,1,5.167,8.850,0.000
100,-1,164,337,99,219,1,7.167,10.950,0.000
100,-1,384,227,74,188,1,11.167,11.850,0.000
100,-1,405,220,73,186,1,11.500,11.850,0.000
100,-1,978,4,42,127,1,25.833,12.750,0.000
101,-1,1756,145,86,183,1,19.500,0.150,0.000
101,-1,348,514,110,271,1,4.167,6.450,0.000
101,-1,216,454,109,253,1,4.833,8.250,0.000
101,-1,219,358,97,225,1,6.833,10.050,0.000
101,-1,339,232,77,189,1,10.833,12.150,0.000
101,-1,967,7,43,128,1,25.500,12.750,0.000
102,-1,1756,145,86,183,1,19.500,0.150,0.000
102,-1,248,497,113,265,1,4.167,7.350,0.000
102,-1,296,280,84,203,1,9.167,11.250,0.000
102,-1,294,247,80,193,1,10.167,12.150,0.000
102,-1,956,10,43,129,1,25.167,12.750,0.000
103,-1,1754,72,78,164,1,23.500,1.050,0.000
103,-1,110,514,124,270,1,3.500,7.950,0.000
103,-1,247,408,102,239,1,5.833,8.850,0.000
103,-1,247,392,100,235,1,6.167,9.150,0.000
103,-1,247,377,98,230,1,6.500,9.450,0.000
103,-1,345,274,81,201,1,9.500,10.950,0.000
103,-1,246,297,89,207,1,8.500,11.250,0.000
103,-1,366,255,78,196,1,10.167,11.250,0.000
103,-1,246,285,87,204,1,8.833,11.550,0.000
103,-1,938,9,43,128,1,25.167,13.050,0.000
104,-1,1747,77,78,165,1,23.167,1.050,0.000
104,-1,247,392,100,235,1,6.167,9.150,0.000
104,-1,413,250,76,195,1,10.500,10.950,0.000
104,-1,194,290,91,205,1,8.500,11.850,0.000
105,-1,1747,77,78,165,1,23.167,1.050,0.000
105,-1,276,381,97,232,1,6.500,9.150,0.000
105,-1,456,235,73,191,1,11.167,10.950,0.000
105,-1,166,311,96,211,1,7.833,11.550,0.000
105,-1,898,15,44,130,1,24.500,13.350,0.000
106,-1,1740,83,78,166,1,22.833,1.050,0.000
106,-1,304,370,94,229,1,6.833,9.150,0.000
106,-1,501,229,72,190,1,11.500,10.650,0.000
106,-1,105,342,104,221,1,6.833,11.250,0.000
107,-1,1747,77,78,165,1,23.167,1.050,0.000
107,-1,331,360,92,226,1,7.167,9.150,0.000
107,-1,555,199,67,182,1,12.833,10.950,0.000
107,-1,44,347,111,223,1,6.500,11.550,0.000
108,-1,1740,83,78,166,1,22.833,1.050,0.000
108,-1,327,332,89,218,1,7.833,9.750,0.000
108,-1,592,185,65,178,1,13.500,10.950,0.000
109,-1,1774,308,105,227,1,13.167,-1.350,0.000
109,-1,1750,181,89,192,1,17.833,-0.150,0.000
109,-1,327,332,89,218,1,7.833,9.750,0.000
109,-1,1,387,121,235,1,5.500,10.950,0.000
109,-1,634,150,61,168,1,15.167,11.550,0.000
110,-1,1765,318,105,230,1,12.833,-1.350,0.000
110,-1,1789,174,93,192,1,18.167,-0.450,0.000
110,-1,1757,173,89,190,1,18.167,-0.150,0.000
110,-1,98,385,110,233,1,5.833,10.350,0.000
110,-1,667,139,59,165,1,15.833,11.550,0.000
110,-1,802,60,49,142,1,20.833,12.750,0.000
111,-1,1768,364,111,243,1,11.500,-1.650,0.000
111,-1,1774,189,93,195,1,17.500,-0.450,0.000
111,-1,1782,182,93,194,1,17.833,-0.450,0.000
111,-1,1789,174,93,192,1,18.167,-0.450,0.000
111,-1,1757,173,89,190,1,18.167,-0.150,0.000
111,-1,132,360,104,226,1,6.500,10.650,0.000
111,-1,709,115,56,158,1,17.167,11.850,0.000
111,-1,783,59,50,142,1,20.833,13.050,0.000
112,-1,1768,364,111,243,1,11.500,-1.650,0.000
112,-1,1771,267,100,216,1,14.500,-1.050,0.000
112,-1,1765,166,89,189,1,18.500,-0.150,0.000
112,-1,749,77,52,147,1,19.500,12.750,0.000
112,-1,742,71,51,145,1,19.833,13.050,0.000
113,-1,1749,388,111,249,1,10.833,-1.650,0.000
113,-1,1757,173,89,190,1,18.167,-0.150,0.000
113,-1,375,301,83,210,1,8.833,10.050,0.000
113,-1,191,340,97,220,1,7.167,10.650,0.000
113,-1,755,83,52,149,1,19.167,12.450,0.000
113,-1,749,77,52,147,1,19.500,12.750,0.000
113,-1,956,10,43,129,1,25.167,12.750,0.000
113,-1,742,71,51,145,1,19.833,13.050,0.000
114,-1,1561,698,130,338,1,4.500,-1.950,0.000
114,-1,1762,430,117,262,1,9.833,-1.950,0.000
114,-1,1726,172,85,188,1,18.167,0.150,0.000
114,-1,219,331,94,217,1,7.500,10.650,0.000
114,-1,796,103,54,155,1,18.167,11.250,0.000
114,-1,942,22,45,132,1,24.167,12.450,0.000
114,-1,714,80,52,148,1,19.167,13.050,0.000
115,-1,1561,698,130,338,1,4.500,-1.950,0.000
115,-1,1474,733,128,346,1,3.833,-1.650,0.000
115,-1,1719,179,85,190,1,17.833,0.150,0.000
115,-1,375,301,83,210,1,8.833,10.050,0.000
115,-1,273,312,89,212,1,8.167,10.650,0.000
115,-1,824,93,53,153,1,18.833,11.250,0.000
115,-1,920,29,45,134,1,23.500,12.450,0.000
115,-1,691,96,54,152,1,18.167,12.750,0.000
116,-1,1561,698,130,338,1,4.500,-1.950,0.000
116,-1,1492,711,127,339,1,4.167,-1.650,0.000
116,-1,1440,702,124,335,1,4.167,-1.350,0.000
116,-1,1695,201,85,195,1,16.833,0.150,0.000
116,-1,1719,151,82,182,1,19.167,0.450,0.000
116,-1,1692,23,67,148,1,26.833,2.550,0.000
116,-1,35,523,133,274,1,3.167,8.250,0.000
116,-1,375,301,83,210,1,8.833,10.050,0.000
116,-1,323,294,85,207,1,8.833,10.650,0.000
116,-1,864,79,51,149,1,19.833,11.250,0.000
116,-1,904,42,47,138,1,22.500,12.150,0.000
116,-1,676,101,55,153,1,17.833,12.750,0.000
117,-1,1576,677,128,331,1,4.833,-1.950,0.000
117,-1,1541,648,123,321,1,5.167,-1.650,0.000
117,-1,1475,660,121,323,1,4.833,-1.350,0.000
117,-1,1678,217,85,199,1,16.167,0.150,0.000
117,-1,1726,172,85,188,1,18.167,0.150,0.000
117,-1,1690,41,69,152,1,25.500,2.250,0.000
117,-1,40,502,130,268,1,3.500,8.550,0.000
117,-1,79,488,124,263,1,3.833,8.550,0.000
117,-1,375,301,83,210,1,8.833,10.050,0.000
117,-1,349,298,84,208,1,8.833,10.350,0.000
117,-1,890,70,50,146,1,20.500,11.250,0.000
117,-1,646,111,56,156,1,17.167,12.750,0.000
118,-1,1591,656,127,325,1,5.167,-1.950,0.000
118,-1,1571,610,121,310,1,5.833,-1.650,0.000
118,-1,1492,640,119,318,1,5.167,-1.350,0.000
118,-1,1661,233,85,203,1,15.500,0.150,0.000
118,-1,1726,172,85,188,1,18.167,0.150,0.000
118,-1,1664,200,82,194,1,16.833,0.450,0.000
118,-1,1677,51,68,154,1,24.833,2.250,0.000
118,-1,149,480,117,260,1,4.167,8.250,0.000
118,-1,14,459,127,255,1,4.167,9.450,0.000
118,-1,375,301,83,210,1,8.833,10.050,0.000
118,-1,373,289,82,206,1,9.167,10.350,0.000
118,-1,915,62,49,144,1,21.167,11.250,0.000
118,-1,862,63,49,144,1,20.833,11.850,0.000
118,-1,635,123,58,160,1,16.500,12.450,0.000
119,-1,1606,636,126,320,1,5.500,-1.950,0.000
119,-1,1586,592,119,305,1,6.167,-1.650,0.000
119,-1,1508,621,118,312,1,5.500,-1.350,0.000
119,-1,1752,247,96,210,1,15.167,-0.750,0.000
119,-1,1750,181,89,192,1,17.833,-0.150,0.000
119,-1,1643,249,85,207,1,14.833,0.150,0.000
119,-1,1677,51,68,154,1,24.833,2.250,0.000
119,-1,216,454,109,253,1,4.833,8.250,0.000
119,-1,49,464,124,256,1,4.167,9.150,0.000
119,-1,14,459,127,255,1,4.167,9.450,0.000
119,-1,399,292,81,207,1,9.167,10.050,0.000
119,-1,951,49,47,140,1,22.167,11.250,0.000
119,-1,842,62,49,143,1,20.833,12.150,0.000
119,-1,598,127,59,160,1,16.167,12.750,0.000
120,-1,1614,707,134,343,1,4.500,-2.250,0.000
120,-1,1620,617,125,314,1,5.833,-1.950,0.000
120,-1,1634,599,124,309,1,6.167,-1.950,0.000
120,-1,1600,574,118,300,1,6.500,-1.650,0.000
120,-1,1524,602,117,307,1,5.833,-1.350,0.000
120,-1,1744,256,96,212,1,14.833,-0.750,0.000
120,-1,1750,181,89,192,1,17.833,-0.150,0.000
120,-1,1625,266,85,211,1,14.167,0.150,0.000
120,-1,1671,56,68,155,1,24.500,2.250,0.000
120,-1,248,424,104,244,1,5.500,8.550,0.000
120,-1,89,434,116,247,1,4.833,9.450,0.000
120,-1,57,429,119,246,1,4.833,9.750,0.000
120,-1,401,304,83,211,1,8.833,9.750,0.000
120,-1,966,36,46,137,1,23.167,11.550,0.000
120,-1,947,35,46,136,1,23.167,11.850,0.000
120,-1,822,61,49,143,1,20.833,12.450,0.000
120,-1,581,132,59,162,1,15.833,12.750,0.000
121,-1,1544,720,131,344,1,4.167,-1.950,0.000
121,-1,1660,564,122,299,1,6.833,-1.950,0.000
121,-1,1613,557,117,296,1,6.833,-1.650,0.000
121,-1,1539,584,116,302,1,6.167,-1.350,0.000
121,-1,1736,265,96,214,1,14.500,-0.750,0.000
121,-1,1735,228,92,204,1,15.833,-0.450,0.000
121,-1,1742,188,89,193,1,17.500,-0.150,0.000
121,-1,1616,275,85,214,1,13.833,0.150,0.000
121,-1,1657,66,68,157,1,23.833,2.250,0.000
121,-1,307,417,100,243,1,5.833,8.250,0.000
121,-1,336,405,97,240,1,6.167,8.250,0.000
121,-1,156,410,108,240,1,5.500,9.450,0.000
121,-1,126,405,110,239,1,5.500,9.750,0.000
121,-1,441,263,77,200,1,10.167,10.350,0.000
121,-1,32,391,117,236,1,5.500,10.650,0.000
121,-1,1,387,121,235,1,5.500,10.950,0.000
121,-1,997,34,45,136,1,23.500,11.250,0.000
121,-1,923,43,47,138,1,22.500,11.850,0.000
121,-1,803,75,51,147,1,19.833,12.150,0.000
121,-1,543,136,60,163,1,15.500,13.050,0.000
122,-1,1673,547,121,294,1,7.167,-1.950,0.000
122,-1,1626,541,117,291,1,7.167,-1.650,0.000
122,-1,1553,567,115,297,1,6.500,-1.350,0.000
122,-1,1581,534,112,288,1,7.167,-1.350,0.000
122,-1,1727,274,96,216,1,14.167,-0.750,0.000
122,-1,1600,325,90,228,1,12.167,-0.150,0.000
122,-1,1726,172,85,188,1,18.167,0.150,0.000
122,-1,1657,66,68,157,1,23.833,2.250,0.000
122,-1,359,363,91,228,1,7.167,8.850,0.000
122,-1,218,403,103,238,1,5.833,9.150,0.000
122,-1,100,370,108,229,1,6.167,10.650,0.000
122,-1,36,376,115,231,1,5.833,10.950,0.000
122,-1,493,210,70,184,1,12.167,11.250,0.000
122,-1,1019,26,44,134,1,24.167,11.250,0.000
122,-1,505,186,67,177,1,13.167,11.850,0.000
122,-1,782,90,53,151,1,18.833,11.850,0.000
122,-1,501,177,66,174,1,13.500,12.150,0.000
122,-1,896,37,46,136,1,22.833,12.450,0.000
123,-1,1685,531,121,290,1,7.500,-1.950,0.000
123,-1,1639,525,116,286,1,7.500,-1.650,0.000
123,-1,1698,452,113,266,1,9.167,-1.650,0.000
123,-1,1581,534,112,288,1,7.167,-1.350,0.000
123,-1,1594,518,112,284,1,7.500,-1.350,0.000
123,-1,1709,384,106,247,1,10.833,-1.350,0.000
123,-1,1582,383,95,244,1,10.500,-0.450,0.000
123,-1,1734,88,78,167,1,22.500,1.050,0.000
123,-1,1661,82,70,161,1,22.833,1.950,0.000
123,-1,361,378,93,232,1,6.833,8.550,0.000
123,-1,247,377,98,230,1,6.500,9.450,0.000
123,-1,161,364,102,227,1,6.500,10.350,0.000
123,-1,73,352,108,224,1,6.500,11.250,0.000
123,-1,513,203,68,183,1,12.500,11.250,0.000
123,-1,1029,23,44,133,1,24.500,11.250,0.000
123,-1,494,161,64,170,1,14.167,12.750,0.000
123,-1,491,153,63,167,1,14.500,13.050,0.000
124,-1,1720,485,119,277,1,8.500,-1.950,0.000
124,-1,1698,452,113,266,1,9.167,-1.650,0.000
124,-1,1688,408,107,253,1,10.167,-1.350,0.000
124,-1,1590,469,105,269,1,8.500,-1.050,0.000
124,-1,1568,356,91,236,1,11.167,-0.150,0.000
124,-1,1801,132,90,182,1,20.167,-0.150,0.000
124,-1,1763,138,86,181,1,19.833,0.150,0.000
124,-1,1647,92,69,164,1,22.167,1.950,0.000
124,-1,407,329,86,219,1,8.167,9.150,0.000
124,-1,303,356,93,225,1,7.167,9.450,0.000
124,-1,380,326,86,217,1,8.167,9.450,0.000
124,-1,164,337,99,219,1,7.167,10.950,0.000
124,-1,105,342,104,221,1,6.833,11.250,0.000
124,-1,532,196,67,181,1,12.833,11.250,0.000
124,-1,1051,8,42,129,1,25.833,11.550,0.000
124,-1,457,173,66,173,1,13.500,12.750,0.000
125,-1,1731,471,118,273,1,8.833,-1.950,0.000
125,-1,1590,469,105,269,1,8.500,-1.050,0.000
125,-1,1659,391,102,248,1,10.500,-1.050,0.000
125,-1,1556,367,91,240,1,10.833,-0.150,0.000
125,-1,1794,139,90,183,1,19.833,-0.150,0.000
125,-1,1763,138,86,181,1,19.833,0.150,0.000
125,-1,1647,92,69,164,1,22.167,1.950,0.000
125,-1,355,336,88,220,1,7.833,9.450,0.000
125,-1,444,274,78,203,1,9.833,10.050,0.000
125,-1,441,263,77,200,1,10.167,10.350,0.000
125,-1,219,331,94,217,1,7.500,10.650,0.000
125,-1,569,183,65,177,1,13.500,11.250,0.000
125,-1,137,320,99,214,1,7.500,11.550,0.000
125,-1,435,171,67,172,1,13.500,13.050,0.000
126,-1,1741,457,118,269,1,9.167,-1.950,0.000
126,-1,1602,455,105,265,1,8.833,-1.050,0.000
126,-1,1659,391,102,248,1,10.500,-1.050,0.000
126,-1,1545,379,92,243,1,10.500,-0.150,0.000
126,-1,1794,139,90,183,1,19.833,-0.150,0.000
126,-1,1801,132,90,182,1,20.167,-0.150,0.000
126,-1,1771,132,86,180,1,20.167,0.150,0.000
126,-1,1640,98,69,165,1,21.833,1.950,0.000
126,-1,478,301,81,211,1,9.167,9.150,0.000
126,-1,380,326,86,217,1,8.167,9.450,0.000
126,-1,246,309,90,211,1,8.167,10.950,0.000
126,-1,166,311,96,211,1,7.833,11.550,0.000
126,-1,600,162,63,171,1,14.500,11.550,0.000
126,-1,662,131,58,163,1,16.167,11.850,0.000
126,-1,789,80,52,148,1,19.500,12.150,0.000
126,-1,401,201,71,181,1,12.167,12.450,0.000
126,-1,398,193,70,178,1,12.500,12.750,0.000
127,-1,1749,388,111,249,1,10.833,-1.650,0.000
127,-1,1614,441,104,262,1,9.167,-1.050,0.000
127,-1,1648,403,102,251,1,10.167,-1.050,0.000
127,-1,1797,167,93,190,1,18.500,-0.450,0.000
127,-1,1533,390,93,246,1,10.167,-0.150,0.000
127,-1,1772,159,89,187,1,18.833,-0.150,0.000
127,-1,1636,121,71,171,1,20.500,1.650,0.000
127,-1,532,307,80,214,1,9.167,8.550,0.000
127,-1,401,304,83,211,1,8.833,9.750,0.000
127,-1,297,291,85,206,1,8.833,10.950,0.000
127,-1,194,302,93,209,1,8.167,11.550,0.000
127,-1,629,143,60,166,1,15.500,11.850,0.000
127,-1,761,89,53,151,1,18.833,12.150,0.000
127,-1,378,199,72,180,1,12.167,12.750,0.000
128,-1,1749,388,111,249,1,10.833,-1.650,0.000
128,-1,1759,376,111,246,1,11.167,-1.650,0.000
128,-1,1698,396,106,250,1,10.500,-1.350,0.000
128,-1,1765,318,105,230,1,12.833,-1.350,0.000
128,-1,1626,428,103,258,1,9.500,-1.050,0.000
128,-1,1648,403,102,251,1,10.167,-1.050,0.000
128,-1,1759,205,92,198,1,16.833,-0.450,0.000
128,-1,1797,167,93,190,1,18.500,-0.450,0.000
128,-1,1521,402,93,249,1,9.833,-0.150,0.000
128,-1,1644,116,71,170,1,20.833,1.650,0.000
128,-1,570,277,76,206,1,10.167,8.850,0.000
128,-1,431,320,84,216,1,8.500,9.150,0.000
128,-1,428,307,82,212,1,8.833,9.450,0.000
128,-1,401,304,83,211,1,8.833,9.750,0.000
128,-1,28,407,120,240,1,5.167,10.350,0.000
128,-1,246,285,87,204,1,8.833,11.550,0.000
128,-1,634,150,61,168,1,15.167,11.550,0.000
128,-1,732,99,54,153,1,18.167,12.150,0.000
128,-1,337,222,76,186,1,11.167,12.450,0.000
128,-1,336,213,75,183,1,11.500,12.750,0.000
129,-1,1728,361,106,241,1,11.500,-1.350,0.000
129,-1,1738,350,105,238,1,11.833,-1.350,0.000
129,-1,1747,339,105,235,1,12.167,-1.350,0.000
129,-1,1637,416,103,255,1,9.833,-1.050,0.000
129,-1,1559,406,96,251,1,9.833,-0.450,0.000
129,-1,1735,228,92,204,1,15.833,-0.450,0.000
129,-1,1759,205,92,198,1,16.833,-0.450,0.000
129,-1,1789,174,93,192,1,18.167,-0.450,0.000
129,-1,1508,414,94,253,1,9.500,-0.150,0.000
129,-1,1648,135,74,175,1,19.833,1.350,0.000
129,-1,125,692,145,326,1,1.167,5.550,0.000
129,-1,478,301,81,211,1,9.167,9.150,0.000
129,-1,375,301,83,210,1,8.833,10.050,0.000
129,-1,103,356,106,225,1,6.500,10.950,0.000
129,-1,294,257,82,196,1,9.833,11.850,0.000
129,-1,595,154,62,169,1,14.833,11.850,0.000
129,-1,693,121,57,160,1,16.833,11.850,0.000
130,-1,1738,350,105,238,1,11.833,-1.350,0.000
130,-1,1747,339,105,235,1,12.167,-1.350,0.000
130,-1,1756,328,105,232,1,12.500,-1.350,0.000
130,-1,1679,368,101,242,1,11.167,-1.050,0.000
130,-1,1689,357,101,239,1,11.500,-1.050,0.000
130,-1,1763,276,100,218,1,14.167,-1.050,0.000
130,-1,1521,444,98,262,1,8.833,-0.450,0.000
130,-1,1559,406,96,251,1,9.833,-0.450,0.000
130,-1,1718,245,92,208,1,15.167,-0.450,0.000
130,-1,1743,220,92,202,1,16.167,-0.450,0.000
130,-1,1774,189,93,195,1,17.500,-0.450,0.000
130,-1,1653,155,76,181,1,18.833,1.050,0.000
130,-1,211,625,131,303,1,2.167,5.850,0.000
130,-1,539,263,75,201,1,10.500,9.450,0.000
130,-1,373,289,82,206,1,9.167,10.350,0.000
130,-1,657,182,64,178,1,13.833,10.350,0.000
130,-1,162,350,100,223,1,6.833,10.650,0.000
130,-1,345,274,81,201,1,9.500,10.950,0.000
130,-1,546,181,65,176,1,13.500,11.550,0.000
130,-1,683,133,58,163,1,16.167,11.550,0.000
130,-1,269,234,80,189,1,10.500,12.750,0.000
131,-1,1698,396,106,250,1,10.500,-1.350,0.000
131,-1,1747,339,105,235,1,12.167,-1.350,0.000
131,-1,1756,328,105,232,1,12.500,-1.350,0.000
131,-1,1765,318,105,230,1,12.833,-1.350,0.000
131,-1,1699,346,101,236,1,11.833,-1.050,0.000
131,-1,1535,477,103,271,1,8.167,-0.750,0.000
131,-1,1508,458,99,265,1,8.500,-0.450,0.000
131,-1,1774,189,93,195,1,17.500,-0.450,0.000
131,-1,1702,227,88,202,1,15.833,-0.150,0.000
131,-1,1661,148,76,179,1,19.167,1.050,0.000
131,-1,326,648,128,310,1,2.167,4.950,0.000
131,-1,565,266,75,202,1,10.500,9.150,0.000
131,-1,399,292,81,207,1,9.167,10.050,0.000
131,-1,663,191,65,181,1,13.500,10.050,0.000
131,-1,393,269,79,200,1,9.833,10.650,0.000
131,-1,220,318,93,213,1,7.833,10.950,0.000
131,-1,366,255,78,196,1,10.167,11.250,0.000
131,-1,640,158,62,170,1,14.833,11.250,0.000
131,-1,528,188,66,178,1,13.167,11.550,0.000
132,-1,1719,372,106,244,1,11.167,-1.350,0.000
132,-1,1765,318,105,230,1,12.833,-1.350,0.000
132,-1,1522,492,104,275,1,7.833,-0.750,0.000
132,-1,1718,283,96,219,1,13.833,-0.750,0.000
132,-1,1685,243,88,206,1,15.167,-0.150,0.000
132,-1,1765,166,89,189,1,18.500,-0.150,0.000
132,-1,1666,170,79,185,1,18.167,0.750,0.000
132,-1,393,587,118,292,1,3.167,5.250,0.000
132,-1,612,260,74,202,1,10.833,8.850,0.000
132,-1,705,187,64,180,1,13.833,9.750,0.000
132,-1,419,272,79,202,1,9.833,10.350,0.000
132,-1,393,269,79,200,1,9.833,10.650,0.000
132,-1,416,261,77,198,1,10.167,10.650,0.000
132,-1,246,309,90,211,1,8.167,10.950,0.000
132,-1,413,250,76,195,1,10.500,10.950,0.000
132,-1,476,227,72,189,1,11.500,10.950,0.000
132,-1,760,107,55,156,1,17.833,11.550,0.000
132,-1,612,149,61,167,1,15.167,11.850,0.000
132,-1,196,256,87,196,1,9.500,12.750,0.000
133,-1,1728,361,106,241,1,11.500,-1.350,0.000
133,-1,1765,318,105,230,1,12.833,-1.350,0.000
133,-1,1745,295,100,223,1,13.500,-1.050,0.000
133,-1,1508,506,105,279,1,7.500,-0.750,0.000
133,-1,1522,492,104,275,1,7.833,-0.750,0.000
133,-1,1718,283,96,219,1,13.833,-0.750,0.000
133,-1,1661,233,85,203,1,15.500,0.150,0.000
133,-1,1664,200,82,194,1,16.833,0.450,0.000
133,-1,447,511,107,272,1,4.500,5.850,0.000
133,-1,651,244,71,197,1,11.500,8.850,0.000
133,-1,708,221,68,191,1,12.500,8.850,0.000
133,-1,466,266,77,201,1,10.167,10.050,0.000
133,-1,459,245,74,194,1,10.833,10.650,0.000
133,-1,297,291,85,206,1,8.833,10.950,0.000
133,-1,432,232,74,190,1,11.167,11.250,0.000
133,-1,781,108,55,157,1,17.833,11.250,0.000
133,-1,578,160,63,170,1,14.500,11.850,0.000
133,-1,145,260,92,197,1,9.167,13.050,0.000
134,-1,1728,361,106,241,1,11.500,-1.350,0.000
134,-1,1508,560,111,295,1,6.500,-1.050,0.000
134,-1,1728,315,100,228,1,12.833,-1.050,0.000
134,-1,1737,305,100,225,1,13.167,-1.050,0.000
134,-1,1649,278,88,215,1,13.833,-0.150,0.000
134,-1,1658,269,88,213,1,14.167,-0.150,0.000
134,-1,1661,233,85,203,1,15.500,0.150,0.000
134,-1,1664,200,82,194,1,16.833,0.450,0.000
134,-1,517,522,107,277,1,4.500,5.250,0.000
134,-1,690,229,69,193,1,12.167,8.850,0.000
134,-1,755,167,61,175,1,14.833,9.750,0.000
134,-1,488,258,75,199,1,10.500,10.050,0.000
134,-1,480,237,73,192,1,11.167,10.650,0.000
134,-1,803,110,55,158,1,17.833,10.950,0.000
134,-1,320,271,82,200,1,9.500,11.250,0.000
134,-1,429,222,73,187,1,11.500,11.550,0.000
134,-1,528,188,66,178,1,13.167,11.550,0.000
134,-1,116,279,96,203,1,8.500,12.750,0.000
135,-1,1493,577,112,300,1,6.167,-1.050,0.000
135,-1,1728,315,100,228,1,12.833,-1.050,0.000
135,-1,1737,305,100,225,1,13.167,-1.050,0.000
135,-1,1649,278,88,215,1,13.833,-0.150,0.000
135,-1,1658,269,88,213,1,14.167,-0.150,0.000
135,-1,1634,257,85,209,1,14.500,0.150,0.000
135,-1,1647,215,82,197,1,16.167,0.450,0.000
135,-1,593,460,97,260,1,5.833,5.550,0.000
135,-1,708,221,68,191,1,12.500,8.850,0.000
135,-1,803,149,59,170,1,15.833,9.750,0.000
135,-1,484,247,74,195,1,10.833,10.350,0.000
135,-1,825,111,55,158,1,17.833,10.650,0.000
135,-1,532,196,67,181,1,12.833,11.250,0.000
135,-1,365,245,77,193,1,10.500,11.550,0.000
135,-1,505,186,67,177,1,13.167,11.850,0.000
135,-1,84,299,102,209,1,7.833,12.450,0.000
136,-1,1493,577,112,300,1,6.167,-1.050,0.000
136,-1,1728,315,100,228,1,12.833,-1.050,0.000
136,-1,1737,305,100,225,1,13.167,-1.050,0.000
136,-1,1718,283,96,219,1,13.833,-0.750,0.000
136,-1,1674,290,92,219,1,13.500,-0.450,0.000
136,-1,1692,271,92,214,1,14.167,-0.450,0.000
136,-1,1606,284,85,216,1,13.500,0.150,0.000
136,-1,1638,222,82,199,1,15.833,0.450,0.000
136,-1,636,416,91,249,1,6.833,5.850,0.000
136,-1,726,214,67,189,1,12.833,8.850,0.000
136,-1,811,157,60,172,1,15.500,9.450,0.000
136,-1,509,250,74,197,1,10.833,10.050,0.000
136,-1,560,208,68,185,1,12.500,10.650,0.000
136,-1,853,101,53,155,1,18.500,10.650,0.000
136,-1,493,210,70,184,1,12.167,11.250,0.000
136,-1,408,230,74,189,1,11.167,11.550,0.000
136,-1,363,235,76,190,1,10.833,11.850,0.000
136,-1,466,199,69,181,1,12.500,11.850,0.000
136,-1,54,308,106,212,1,7.500,12.450,0.000
137,-1,1475,660,121,323,1,4.833,-1.350,0.000
137,-1,1477,595,114,305,1,5.833,-1.050,0.000
137,-1,1737,305,100,225,1,13.167,-1.050,0.000
137,-1,1674,290,92,219,1,13.500,-0.450,0.000
137,-1,1620,306,89,222,1,12.833,-0.150,0.000
137,-1,1640,287,89,217,1,13.500,-0.150,0.000
137,-1,1649,278,88,215,1,13.833,-0.150,0.000
137,-1,1586,302,86,221,1,12.833,0.150,0.000
137,-1,1643,249,85,207,1,14.833,0.150,0.000
137,-1,761,200,65,185,1,13.500,8.850,0.000
137,-1,834,138,58,167,1,16.500,9.750,0.000
137,-1,505,239,73,193,1,11.167,10.350,0.000
137,-1,880,91,52,153,1,19.167,10.650,0.000
137,-1,592,185,65,178,1,13.500,10.950,0.000
137,-1,569,183,65,177,1,13.500,11.250,0.000
137,-1,426,213,72,184,1,11.833,11.850,0.000
137,-1,446,206,70,182,1,12.167,11.850,0.000
137,-1,294,247,80,193,1,10.167,12.150,0.000
138,-1,1458,681,122,329,1,4.500,-1.350,0.000
138,-1,1771,267,100,216,1,14.500,-1.050,0.000
138,-1,1625,339,93,232,1,11.833,-0.450,0.000
138,-1,1635,329,93,229,1,12.167,-0.450,0.000
138,-1,1789,174,93,192,1,18.167,-0.450,0.000
138,-1,1568,356,91,236,1,11.167,-0.150,0.000
138,-1,1640,287,89,217,1,13.500,-0.150,0.000
138,-1,1649,278,88,215,1,13.833,-0.150,0.000
138,-1,1658,269,88,213,1,14.167,-0.150,0.000
138,-1,743,344,81,230,1,8.833,6.150,0.000
138,-1,787,178,62,179,1,14.500,9.150,0.000
138,-1,857,139,57,167,1,16.500,9.450,0.000
138,-1,501,229,72,190,1,11.500,10.650,0.000
138,-1,893,87,52,151,1,19.500,10.650,0.000
138,-1,622,164,62,172,1,14.500,11.250,0.000
138,-1,246,285,87,204,1,8.833,11.550,0.000
138,-1,509,194,68,180,1,12.833,11.550,0.000
138,-1,582,168,63,173,1,14.167,11.550,0.000
138,-1,380,208,73,182,1,11.833,12.450,0.000
139,-1,1474,733,128,346,1,3.833,-1.650,0.000
139,-1,1475,660,121,323,1,4.833,-1.350,0.000
139,-1,1763,276,100,218,1,14.167,-1.050,0.000
139,-1,1604,360,94,238,1,11.167,-0.450,0.000
139,-1,1789,174,93,192,1,18.167,-0.450,0.000
139,-1,1556,367,91,240,1,10.833,-0.150,0.000
139,-1,1620,306,89,222,1,12.833,-0.150,0.000
139,-1,1630,296,89,220,1,13.167,-0.150,0.000
139,-1,1640,287,89,217,1,13.500,-0.150,0.000
139,-1,1625,266,85,211,1,14.167,0.150,0.000
139,-1,785,324,78,224,1,9.500,6.150,0.000
139,-1,804,195,64,184,1,13.833,8.550,0.000
139,-1,878,121,55,162,1,17.500,9.750,0.000
139,-1,525,232,72,191,1,11.500,10.350,0.000
139,-1,521,222,70,188,1,11.833,10.650,0.000
139,-1,919,77,50,149,1,20.167,10.650,0.000
139,-1,656,152,61,169,1,15.167,11.250,0.000
139,-1,342,252,79,195,1,10.167,11.550,0.000
139,-1,617,156,62,170,1,14.833,11.550,0.000
139,-1,221,249,85,193,1,9.833,12.750,0.000
140,-1,1544,720,131,344,1,4.167,-1.950,0.000
140,-1,1492,711,127,339,1,4.167,-1.650,0.000
140,-1,1771,267,100,216,1,14.500,-1.050,0.000
140,-1,1547,419,97,254,1,9.500,-0.450,0.000
140,-1,1582,383,95,244,1,10.500,-0.450,0.000
140,-1,1615,350,93,235,1,11.500,-0.450,0.000
140,-1,1789,174,93,192,1,18.167,-0.450,0.000
140,-1,1649,278,88,215,1,13.833,-0.150,0.000
140,-1,824,272,72,209,1,11.167,6.750,0.000
140,-1,829,197,64,185,1,13.833,8.250,0.000
140,-1,906,111,54,159,1,18.167,9.750,0.000
140,-1,521,222,70,188,1,11.833,10.650,0.000
140,-1,932,73,50,147,1,20.500,10.650,0.000
140,-1,689,140,59,166,1,15.833,11.250,0.000
140,-1,295,268,83,199,1,9.500,11.550,0.000
140,-1,582,168,63,173,1,14.167,11.550,0.000
140,-1,617,156,62,170,1,14.833,11.550,0.000
140,-1,194,290,91,205,1,8.500,11.850,0.000
141,-1,1561,698,130,338,1,4.500,-1.950,0.000
141,-1,1474,733,128,346,1,3.833,-1.650,0.000
141,-1,1571,610,121,310,1,5.833,-1.650,0.000
141,-1,1577,483,106,273,1,8.167,-1.050,0.000
141,-1,1779,258,101,214,1,14.833,-1.050,0.000
141,-1,1788,249,101,212,1,15.167,-1.050,0.000
141,-1,1535,477,103,271,1,8.167,-0.750,0.000
141,-1,1548,463,102,267,1,8.500,-0.750,0.000
141,-1,1574,436,101,260,1,9.167,-0.750,0.000
141,-1,1521,444,98,262,1,8.833,-0.450,0.000
141,-1,1645,319,93,227,1,12.500,-0.450,0.000
141,-1,1765,166,89,189,1,18.500,-0.150,0.000
141,-1,861,255,70,204,1,11.833,6.750,0.000
141,-1,888,186,62,182,1,14.500,7.950,0.000
141,-1,853,175,61,179,1,14.833,8.550,0.000
141,-1,949,85,51,151,1,19.833,10.050,0.000
141,-1,1192,-3,41,127,1,27.500,10.050,0.000
141,-1,953,74,50,148,1,20.500,10.350,0.000
141,-1,536,205,68,184,1,12.500,10.950,0.000
141,-1,705,135,58,164,1,16.167,11.250,0.000
141,-1,600,162,63,171,1,14.500,11.550,0.000
141,-1,667,139,59,165,1,15.833,11.550,0.000
141,-1,270,265,84,198,1,9.500,11.850,0.000
141,-1,141,295,96,207,1,8.167,12.150,0.000
141,-1,1024,2,42,127,1,26.167,12.150,0.000
142,-1,1591,656,127,325,1,5.167,-1.950,0.000
142,-1,1590,469,105,269,1,8.500,-1.050,0.000
142,-1,1752,247,96,210,1,15.167,-0.750,0.000
142,-1,1508,458,99,265,1,8.500,-0.450,0.000
142,-1,1655,309,92,224,1,12.833,-0.450,0.000
142,-1,1743,220,92,202,1,16.167,-0.450,0.000
142,-1,1789,174,93,192,1,18.167,-0.450,0.000
142,-1,907,250,69,203,1,12.167,6.450,0.000
142,-1,902,221,66,194,1,13.167,7.050,0.000
142,-1,913,188,62,183,1,14.500,7.650,0.000
142,-1,869,169,61,177,1,15.167,8.550,0.000
142,-1,1184,0,41,128,1,27.167,10.050,0.000
142,-1,699,128,58,162,1,16.500,11.550,0.000
142,-1,988,29,45,134,1,23.833,11.550,0.000
142,-1,612,149,61,167,1,15.167,11.850,0.000
142,-1,246,262,85,197,1,9.500,12.150,0.000
143,-1,1614,707,134,343,1,4.500,-2.250,0.000
143,-1,1613,557,117,296,1,6.833,-1.650,0.000
143,-1,1577,483,106,273,1,8.167,-1.050,0.000
143,-1,1590,469,105,269,1,8.500,-1.050,0.000
143,-1,1761,239,96,208,1,15.500,-0.750,0.000
143,-1,1495,472,100,269,1,8.167,-0.450,0.000
143,-1,1655,309,92,224,1,12.833,-0.450,0.000
143,-1,1727,237,92,206,1,15.500,-0.450,0.000
143,-1,1789,174,93,192,1,18.167,-0.450,0.000
143,-1,929,224,66,195,1,13.167,6.750,0.000
143,-1,934,167,60,177,1,15.500,7.950,0.000
143,-1,884,163,60,175,1,15.500,8.550,0.000
143,-1,1166,14,42,132,1,25.833,9.750,0.000
143,-1,968,60,48,144,1,21.500,10.650,0.000
143,-1,994,43,46,139,1,22.833,10.950,0.000
143,-1,715,122,57,160,1,16.833,11.550,0.000
143,-1,977,33,45,135,1,23.500,11.550,0.000
143,-1,194,290,91,205,1,8.500,11.850,0.000
143,-1,624,135,59,163,1,15.833,12.150,0.000
144,-1,1629,686,133,336,1,4.833,-2.250,0.000
144,-1,1632,474,109,271,1,8.500,-1.350,0.000
144,-1,1444,632,116,315,1,5.167,-1.050,0.000
144,-1,1614,441,104,262,1,9.167,-1.050,0.000
144,-1,1626,428,103,258,1,9.500,-1.050,0.000
144,-1,1637,416,103,255,1,9.833,-1.050,0.000
144,-1,1522,492,104,275,1,7.833,-0.750,0.000
144,-1,1777,222,96,204,1,16.167,-0.750,0.000
144,-1,1466,500,102,277,1,7.500,-0.450,0.000
144,-1,1683,280,92,217,1,13.833,-0.450,0.000
144,-1,1797,167,93,190,1,18.500,-0.450,0.000
144,-1,1685,243,88,206,1,15.167,-0.150,0.000
144,-1,966,193,62,185,1,14.500,7.050,0.000
144,-1,964,109,53,159,1,18.500,9.150,0.000
144,-1,900,123,55,163,1,17.500,9.450,0.000
144,-1,1157,26,43,135,1,24.833,9.450,0.000
144,-1,968,60,48,144,1,21.500,10.650,0.000
144,-1,1003,48,47,140,1,22.500,10.650,0.000
144,-1,739,105,55,155,1,17.833,11.850,0.000
144,-1,141,295,96,207,1,8.167,12.150,0.000
144,-1,656,124,58,160,1,16.500,12.150,0.000
145,-1,1657,645,131,324,1,5.500,-2.250,0.000
145,-1,1458,681,122,329,1,4.500,-1.350,0.000
145,-1,1666,433,107,260,1,9.500,-1.350,0.000
145,-1,1461,613,115,310,1,5.500,-1.050,0.000
145,-1,1669,380,102,245,1,10.833,-1.050,0.000
145,-1,1448,571,109,297,1,6.167,-0.750,0.000
145,-1,1464,554,108,293,1,6.500,-0.750,0.000
145,-1,1494,522,106,284,1,7.167,-0.750,0.000
145,-1,1561,450,101,263,1,8.833,-0.750,0.000
145,-1,1683,280,92,217,1,13.833,-0.450,0.000
145,-1,1767,197,92,197,1,17.167,-0.450,0.000
145,-1,1789,174,93,192,1,18.167,-0.450,0.000
145,-1,996,180,60,181,1,15.167,7.050,0.000
145,-1,994,130,55,166,1,17.500,8.250,0.000
145,-1,914,118,55,161,1,17.833,9.450,0.000
145,-1,1148,30,44,136,1,24.500,9.450,0.000
145,-1,1166,14,42,132,1,25.833,9.750,0.000
145,-1,1038,28,44,134,1,24.167,10.950,0.000
145,-1,1040,19,43,132,1,24.833,11.250,0.000
145,-1,108,329,103,217,1,7.167,11.550,0.000
145,-1,429,222,73,187,1,11.500,11.550,0.000
145,-1,760,107,55,156,1,17.833,11.550,0.000
145,-1,676,101,55,153,1,17.833,12.750,0.000
146,-1,1660,564,122,299,1,6.833,-1.950,0.000
146,-1,1675,480,114,274,1,8.500,-1.650,0.000
146,-1,1440,702,124,335,1,4.167,-1.350,0.000
146,-1,1669,380,102,245,1,10.833,-1.050,0.000
146,-1,1432,588,111,302,1,5.833,-0.750,0.000
146,-1,1464,554,108,293,1,6.500,-0.750,0.000
146,-1,1522,492,104,275,1,7.833,-0.750,0.000
146,-1,1681,322,96,228,1,12.500,-0.750,0.000
146,-1,1683,280,92,217,1,13.833,-0.450,0.000
146,-1,1782,182,93,194,1,17.833,-0.450,0.000
146,-1,1750,181,89,192,1,17.833,-0.150,0.000
146,-1,1027,153,57,173,1,16.500,7.350,0.000
146,-1,1035,102,52,157,1,19.167,8.550,0.000
146,-1,928,112,54,160,1,18.167,9.450,0.000
146,-1,1148,30,44,136,1,24.500,9.450,0.000
146,-1,1147,13,42,131,1,25.833,10.050,0.000
146,-1,1003,48,47,140,1,22.500,10.650,0.000
146,-1,1026,40,46,138,1,23.167,10.650,0.000
146,-1,789,97,54,153,1,18.500,11.550,0.000
146,-1,1031,15,43,130,1,25.167,11.550,0.000
146,-1,51,321,107,215,1,7.167,12.150,0.000
146,-1,691,96,54,152,1,18.167,12.750,0.000
147,-1,1673,547,121,294,1,7.167,-1.950,0.000
147,-1,1675,480,114,274,1,8.500,-1.650,0.000
147,-1,1458,681,122,329,1,4.500,-1.350,0.000
147,-1,1709,384,106,247,1,10.833,-1.350,0.000
147,-1,1461,613,115,310,1,5.500,-1.050,0.000
147,-1,1477,595,114,305,1,5.833,-1.050,0.000
147,-1,1659,391,102,248,1,10.500,-1.050,0.000
147,-1,1681,322,96,228,1,12.500,-0.750,0.000
147,-1,1700,302,96,223,1,13.167,-0.750,0.000
147,-1,1404,564,107,295,1,6.167,-0.450,0.000
147,-1,1727,237,92,206,1,15.500,-0.450,0.000
147,-1,1780,152,90,186,1,19.167,-0.150,0.000
147,-1,1787,145,90,184,1,19.500,-0.150,0.000
147,-1,1794,139,90,183,1,19.833,-0.150,0.000
147,-1,813,693,116,326,1,2.833,1.950,0.000
147,-1,1054,141,56,170,1,17.167,7.350,0.000
147,-1,1058,104,52,158,1,19.167,8.250,0.000
147,-1,1138,34,44,137,1,24.167,9.450,0.000
147,-1,946,96,52,155,1,19.167,9.750,0.000
147,-1,1147,13,42,131,1,25.833,10.050,0.000
147,-1,1006,39,46,138,1,23.167,10.950,0.000
147,-1,997,34,45,136,1,23.500,11.250,0.000
147,-1,1008,30,45,135,1,23.833,11.250,0.000
147,-1,1010,22,44,132,1,24.500,11.550,0.000
147,-1,723,70,51,145,1,19.833,13.350,0.000
148,-1,1697,515,120,285,1,7.833,-1.950,0.000
148,-1,1474,733,128,346,1,3.833,-1.650,0.000
148,-1,1698,452,113,266,1,9.167,-1.650,0.000
148,-1,1475,660,121,323,1,4.833,-1.350,0.000
148,-1,1688,408,107,253,1,10.167,-1.350,0.000
148,-1,1648,403,102,251,1,10.167,-1.050,0.000
148,-1,1718,325,100,230,1,12.500,-1.050,0.000
148,-1,1728,315,100,228,1,12.833,-1.050,0.000
148,-1,1631,376,98,243,1,10.833,-0.750,0.000
148,-1,1681,322,96,228,1,12.500,-0.750,0.000
148,-1,1727,274,96,216,1,14.167,-0.750,0.000
148,-1,1387,581,108,300,1,5.833,-0.450,0.000
148,-1,1727,237,92,206,1,15.500,-0.450,0.000
148,-1,1735,228,92,204,1,15.833,-0.450,0.000
148,-1,1782,182,93,194,1,17.833,-0.450,0.000
148,-1,797,664,114,318,1,3.167,2.250,0.000
148,-1,1092,125,53,165,1,18.167,7.350,0.000
148,-1,1082,94,51,155,1,19.833,8.250,0.000
148,-1,1128,47,45,141,1,23.167,9.150,0.000
148,-1,1138,43,45,140,1,23.500,9.150,0.000
148,-1,1128,37,44,138,1,23.833,9.450,0.000
148,-1,958,91,52,153,1,19.500,9.750,0.000
148,-1,1028,31,45,135,1,23.833,10.950,0.000
148,-1,1008,30,45,135,1,23.833,11.250,0.000
148,-1,988,29,45,134,1,23.833,11.550,0.000
148,-1,742,71,51,145,1,19.833,13.050,0.000
149,-1,1720,485,119,277,1,8.500,-1.950,0.000
149,-1,1719,425,112,259,1,9.833,-1.650,0.000
149,-1,1475,660,121,323,1,4.833,-1.350,0.000
149,-1,1637,416,103,255,1,9.833,-1.050,0.000
149,-1,1648,403,102,251,1,10.167,-1.050,0.000
149,-1,1679,368,101,242,1,11.167,-1.050,0.000
149,-1,1689,357,101,239,1,11.500,-1.050,0.000
149,-1,1745,295,100,223,1,13.500,-1.050,0.000
149,-1,1754,286,100,220,1,13.833,-1.050,0.000
149,-1,1379,644,114,317,1,4.833,-0.750,0.000
149,-1,1761,239,96,208,1,15.500,-0.750,0.000
149,-1,1759,205,92,198,1,16.833,-0.450,0.000
149,-1,1702,227,88,202,1,15.833,-0.150,0.000
149,-1,1710,219,88,200,1,16.167,-0.150,0.000
149,-1,1718,211,88,198,1,16.500,-0.150,0.000
149,-1,1742,188,89,193,1,17.500,-0.150,0.000
149,-1,782,636,112,311,1,3.500,2.550,0.000
149,-1,1128,110,51,160,1,19.167,7.350,0.000
149,-1,1117,91,50,155,1,20.167,7.950,0.000
149,-1,1039,80,50,151,1,20.500,9.150,0.000
149,-1,1148,30,44,136,1,24.500,9.450,0.000
149,-1,971,86,51,152,1,19.833,9.750,0.000
149,-1,960,55,48,142,1,21.833,10.950,0.000
149,-1,977,33,45,135,1,23.500,11.550,0.000
149,-1,777,53,49,140,1,21.167,13.350,0.000
150,-1,1698,452,113,266,1,9.167,-1.650,0.000
150,-1,1739,400,111,252,1,10.500,-1.650,0.000
150,-1,1458,681,122,329,1,4.500,-1.350,0.000
150,-1,1614,441,104,262,1,9.167,-1.050,0.000
150,-1,1669,380,102,245,1,10.833,-1.050,0.000
150,-1,1679,368,101,242,1,11.167,-1.050,0.000
150,-1,1361,664,116,323,1,4.500,-0.750,0.000
150,-1,1797,167,93,190,1,18.500,-0.450,0.000
150,-1,1742,188,89,193,1,17.500,-0.150,0.000
150,-1,1695,201,85,195,1,16.833,0.150,0.000
150,-1,768,610,110,304,1,3.833,2.850,0.000
150,-1,1140,105,51,159,1,19.500,7.350,0.000
150,-1,1117,70,48,148,1,21.500,8.550,0.000
150,-1,983,82,50,151,1,20.167,9.750,0.000
150,-1,1065,52,46,142,1,22.500,9.750,0.000
150,-1,947,35,46,136,1,23.167,11.850,0.000
150,-1,958,31,45,135,1,23.500,11.850,0.000
150,-1,782,74,51,146,1,19.833,12.450,0.000
150,-1,789,49,48,139,1,21.500,13.350,0.000
