301,-1,1697,515,120,285,1,7.833,-1.950,0.000
301,-1,1430,205,67,191,1,15.833,2.550,0.000
301,-1,1686,27,67,148,1,26.500,2.550,0.000
301,-1,1128,87,49,153,1,20.500,7.950,0.000
301,-1,413,250,76,195,1,10.500,10.950,0.000
302,-1,1697,515,120,285,1,7.833,-1.950,0.000
302,-1,1427,652,117,320,1,4.833,-1.050,0.000
302,-1,1440,198,67,189,1,16.167,2.550,0.000
302,-1,1687,10,65,144,1,27.833,2.850,0.000
302,-1,1117,91,50,155,1,20.167,7.950,0.000
302,-1,1107,36,44,138,1,23.833,9.750,0.000
302,-1,453,225,72,188,1,11.500,11.250,0.000
303,-1,1708,500,119,281,1,8.167,-1.950,0.000
303,-1,1444,632,116,315,1,5.167,-1.050,0.000
303,-1,1451,191,67,187,1,16.500,2.550,0.000
303,-1,1105,96,50,156,1,19.833,7.950,0.000
303,-1,489,201,69,182,1,12.500,11.550,0.000
304,-1,1731,471,118,273,1,8.833,-1.950,0.000
304,-1,1461,613,115,310,1,5.500,-1.050,0.000
304,-1,1451,191,67,187,1,16.500,2.550,0.000
304,-1,1093,113,52,161,1,18.833,7.650,0.000
304,-1,513,203,68,183,1,12.500,11.250,0.000
305,-1,1741,457,118,269,1,9.167,-1.950,0.000
305,-1,1477,595,114,305,1,5.833,-1.050,0.000
305,-1,1451,191,67,187,1,16.500,2.550,0.000
305,-1,1079,130,54,166,1,17.833,7.350,0.000
305,-1,532,196,67,181,1,12.833,11.250,0.000
305,-1,964,15,44,130,1,24.833,12.450,0.000
306,-1,1762,430,117,262,1,9.833,-1.950,0.000
306,-1,1479,537,107,288,1,6.833,-0.750,0.000
306,-1,1460,184,67,185,1,16.833,2.550,0.000
306,-1,1067,136,55,168,1,17.500,7.350,0.000
306,-1,1156,2,41,128,1,26.833,10.350,0.000
306,-1,1137,1,41,127,1,26.833,10.650,0.000
306,-1,560,167,64,172,1,14.167,11.850,0.000
307,-1,1759,376,111,246,1,11.167,-1.650,0.000
307,-1,1494,522,106,284,1,7.167,-0.750,0.000
307,-1,1470,178,66,183,1,17.167,2.550,0.000
307,-1,1054,141,56,170,1,17.167,7.350,0.000
307,-1,1137,9,41,130,1,26.167,10.350,0.000
307,-1,1118,8,42,129,1,26.167,10.650,0.000
307,-1,1146,-1,40,127,1,27.167,10.650,0.000
307,-1,582,168,63,173,1,14.167,11.550,0.000
308,-1,1495,472,100,269,1,8.167,-0.450,0.000
308,-1,1480,151,64,175,1,18.500,2.850,0.000
308,-1,1052,155,57,174,1,16.500,7.050,0.000
308,-1,1127,12,42,131,1,25.833,10.350,0.000
308,-1,1099,14,42,131,1,25.500,10.650,0.000
308,-1,1127,-2,40,126,1,27.167,10.950,0.000
308,-1,612,149,61,167,1,15.167,11.850,0.000
309,-1,1521,444,98,262,1,8.833,-0.450,0.000
309,-1,1480,151,64,175,1,18.500,2.850,0.000
309,-1,1036,176,59,180,1,15.500,6.750,0.000
309,-1,1118,24,43,134,1,24.833,10.050,0.000
309,-1,1089,18,43,132,1,25.167,10.650,0.000
309,-1,1089,10,42,130,1,25.833,10.950,0.000
309,-1,634,150,61,168,1,15.167,11.550,0.000
309,-1,853,43,47,138,1,22.167,12.750,0.000
310,-1,1521,444,98,262,1,8.833,-0.450,0.000
310,-1,1489,165,66,180,1,17.833,2.550,0.000
310,-1,1022,182,60,182,1,15.167,6.750,0.000
310,-1,1078,30,44,135,1,24.167,10.350,0.000
310,-1,1088,26,44,134,1,24.500,10.350,0.000
310,-1,1078,21,43,133,1,24.833,10.650,0.000
310,-1,1089,18,43,132,1,25.167,10.650,0.000
310,-1,1071,1,41,127,1,26.500,11.550,0.000
310,-1,662,131,58,163,1,16.167,11.850,0.000
310,-1,828,51,48,140,1,21.500,12.750,0.000
311,-1,1534,431,97,258,1,9.167,-0.450,0.000
311,-1,1498,159,66,178,1,18.167,2.550,0.000
311,-1,1007,189,61,184,1,14.833,6.750,0.000
311,-1,1078,30,44,135,1,24.167,10.350,0.000
311,-1,1047,32,45,136,1,23.833,10.650,0.000
311,-1,693,121,57,160,1,16.833,11.850,0.000
311,-1,1053,0,41,126,1,26.500,11.850,0.000
312,-1,1545,379,92,243,1,10.500,-0.150,0.000
312,-1,1507,152,66,176,1,18.500,2.550,0.000
312,-1,973,219,64,194,1,13.500,6.450,0.000
312,-1,1067,34,45,137,1,23.833,10.350,0.000
312,-1,1047,32,45,136,1,23.833,10.650,0.000
312,-1,1049,24,44,133,1,24.500,10.950,0.000
312,-1,1041,11,43,130,1,25.500,11.550,0.000
312,-1,1043,3,42,127,1,26.167,11.850,0.000
312,-1,747,94,54,152,1,18.500,12.150,0.000
312,-1,1034,0,41,126,1,26.500,12.150,0.000
312,-1,726,92,54,151,1,18.500,12.450,0.000
312,-1,706,91,54,151,1,18.500,12.750,0.000
313,-1,1545,379,92,243,1,10.500,-0.150,0.000
313,-1,1556,367,91,240,1,10.833,-0.150,0.000
313,-1,1516,146,65,175,1,18.833,2.550,0.000
313,-1,957,226,65,196,1,13.167,6.450,0.000
313,-1,1044,50,47,141,1,22.500,10.050,0.000
313,-1,1026,40,46,138,1,23.167,10.650,0.000
313,-1,1017,35,45,137,1,23.500,10.950,0.000
313,-1,1099,0,41,126,1,26.833,11.250,0.000
313,-1,1031,15,43,130,1,25.167,11.550,0.000
313,-1,1051,8,42,129,1,25.833,11.550,0.000
313,-1,1033,7,42,128,1,25.833,11.850,0.000
313,-1,726,92,54,151,1,18.500,12.450,0.000
313,-1,741,88,53,150,1,18.833,12.450,0.000
314,-1,1556,367,91,240,1,10.833,-0.150,0.000
314,-1,1533,135,65,172,1,19.500,2.550,0.000
314,-1,941,234,66,198,1,12.833,6.450,0.000
314,-1,1033,55,47,143,1,22.167,10.050,0.000
314,-1,1001,57,48,143,1,21.833,10.350,0.000
314,-1,1035,45,46,140,1,22.833,10.350,0.000
314,-1,768,95,54,153,1,18.500,11.850,0.000
314,-1,1053,0,41,126,1,26.500,11.850,0.000
314,-1,706,91,54,151,1,18.500,12.750,0.000
315,-1,1777,222,96,204,1,16.167,-0.750,0.000
315,-1,1554,332,87,229,1,11.833,0.150,0.000
315,-1,1552,299,83,220,1,12.833,0.450,0.000
315,-1,1535,176,69,184,1,17.500,1.950,0.000
315,-1,918,261,70,206,1,11.833,6.150,0.000
315,-1,1010,63,48,145,1,21.500,10.050,0.000
315,-1,989,61,48,144,1,21.500,10.350,0.000
315,-1,1001,57,48,143,1,21.833,10.350,0.000
315,-1,789,97,54,153,1,18.500,11.550,0.000
315,-1,782,90,53,151,1,18.833,11.850,0.000
315,-1,682,107,56,155,1,17.500,12.450,0.000
315,-1,1006,1,42,126,1,26.167,12.450,0.000
316,-1,1565,322,87,226,1,12.167,0.150,0.000
316,-1,1544,169,69,182,1,17.833,1.950,0.000
316,-1,882,278,72,211,1,11.167,6.150,0.000
316,-1,986,71,49,147,1,20.833,10.050,0.000
316,-1,965,70,49,147,1,20.833,10.350,0.000
316,-1,810,98,54,154,1,18.500,11.250,0.000
316,-1,997,34,45,136,1,23.500,11.250,0.000
316,-1,1019,26,44,134,1,24.167,11.250,0.000
316,-1,651,118,57,158,1,16.833,12.450,0.000
316,-1,1006,1,42,126,1,26.167,12.450,0.000
317,-1,1576,312,86,224,1,12.500,0.150,0.000
317,-1,1553,163,69,180,1,18.167,1.950,0.000
317,-1,864,287,73,214,1,10.833,6.150,0.000
317,-1,983,82,50,151,1,20.167,9.750,0.000
317,-1,949,85,51,151,1,19.833,10.050,0.000
317,-1,831,100,53,155,1,18.500,10.950,0.000
317,-1,986,38,46,137,1,23.167,11.250,0.000
317,-1,991,21,44,132,1,24.500,11.850,0.000
317,-1,624,135,59,163,1,15.833,12.150,0.000
318,-1,1761,239,96,208,1,15.500,-0.750,0.000
318,-1,1583,272,83,212,1,13.833,0.450,0.000
318,-1,1561,156,69,179,1,18.500,1.950,0.000
318,-1,845,296,74,216,1,10.500,6.150,0.000
318,-1,924,94,52,154,1,19.167,10.050,0.000
318,-1,949,85,51,151,1,19.833,10.050,0.000
318,-1,859,90,52,152,1,19.167,10.950,0.000
318,-1,590,147,61,166,1,15.167,12.150,0.000
319,-1,1592,263,82,210,1,14.167,0.450,0.000
319,-1,1570,150,69,177,1,18.833,1.950,0.000
319,-1,805,314,77,221,1,9.833,6.150,0.000
319,-1,924,94,52,154,1,19.167,10.050,0.000
319,-1,888,98,53,155,1,18.833,10.350,0.000
319,-1,893,87,52,151,1,19.500,10.650,0.000
319,-1,573,153,62,168,1,14.833,12.150,0.000
319,-1,927,34,46,135,1,23.167,12.150,0.000
319,-1,978,4,42,127,1,25.833,12.750,0.000
320,-1,1616,275,85,214,1,13.833,0.150,0.000
320,-1,1567,130,67,171,1,19.833,2.250,0.000
320,-1,774,348,81,231,1,8.833,5.850,0.000
320,-1,861,108,54,158,1,18.167,10.350,0.000
320,-1,875,103,53,156,1,18.500,10.350,0.000
320,-1,888,98,53,155,1,18.833,10.350,0.000
320,-1,898,76,50,148,1,20.167,10.950,0.000
320,-1,907,56,48,142,1,21.500,11.550,0.000
320,-1,542,173,65,174,1,13.833,11.850,0.000
320,-1,900,51,48,140,1,21.833,11.850,0.000
320,-1,953,18,44,131,1,24.500,12.450,0.000
320,-1,975,11,43,129,1,25.167,12.450,0.000
320,-1,959,3,42,126,1,25.833,13.050,0.000
321,-1,1727,274,96,216,1,14.167,-0.750,0.000
321,-1,1629,230,82,201,1,15.500,0.450,0.000
321,-1,877,733,117,336,1,2.500,1.350,0.000
321,-1,1566,112,65,166,1,20.833,2.550,0.000
321,-1,752,359,83,234,1,8.500,5.850,0.000
321,-1,833,118,55,160,1,17.500,10.350,0.000
321,-1,825,111,55,158,1,17.833,10.650,0.000
321,-1,853,101,53,155,1,18.500,10.650,0.000
321,-1,40,361,113,227,1,6.167,11.250,0.000
321,-1,919,52,48,141,1,21.833,11.550,0.000
321,-1,524,179,66,175,1,13.500,11.850,0.000
321,-1,520,171,65,173,1,13.833,12.150,0.000
321,-1,855,58,49,142,1,21.167,12.150,0.000
321,-1,953,18,44,131,1,24.500,12.450,0.000
321,-1,946,14,44,129,1,24.833,12.750,0.000
322,-1,1709,293,96,221,1,13.500,-0.750,0.000
322,-1,1652,241,85,205,1,15.167,0.150,0.000
322,-1,990,648,104,316,1,3.833,1.350,0.000
322,-1,1571,89,63,160,1,22.167,2.850,0.000
322,-1,730,370,84,237,1,8.167,5.850,0.000
322,-1,818,123,56,162,1,17.167,10.350,0.000
322,-1,825,111,55,158,1,17.833,10.650,0.000
322,-1,105,342,104,221,1,6.833,11.250,0.000
322,-1,493,210,70,184,1,12.167,11.250,0.000
322,-1,875,59,49,143,1,21.167,11.850,0.000
322,-1,789,80,52,148,1,19.500,12.150,0.000
322,-1,953,18,44,131,1,24.500,12.450,0.000
322,-1,964,15,44,130,1,24.833,12.450,0.000
322,-1,789,64,50,143,1,20.500,12.750,0.000
322,-1,815,56,49,141,1,21.167,12.750,0.000
322,-1,935,17,44,130,1,24.500,12.750,0.000
323,-1,1683,280,92,217,1,13.833,-0.450,0.000
323,-1,1676,251,88,208,1,14.833,-0.150,0.000
323,-1,1040,610,100,306,1,4.500,1.350,0.000
323,-1,1579,84,63,159,1,22.500,2.850,0.000
323,-1,684,392,88,243,1,7.500,5.850,0.000
323,-1,774,120,56,160,1,17.167,10.950,0.000
323,-1,473,217,71,186,1,11.833,11.250,0.000
323,-1,137,320,99,214,1,7.500,11.550,0.000
323,-1,753,100,54,154,1,18.167,11.850,0.000
323,-1,991,21,44,132,1,24.500,11.850,0.000
323,-1,953,18,44,131,1,24.500,12.450,0.000
323,-1,789,64,50,143,1,20.500,12.750,0.000
323,-1,916,16,44,130,1,24.500,13.050,0.000
324,-1,1681,322,96,228,1,12.500,-0.750,0.000
324,-1,1678,217,85,199,1,16.167,0.150,0.000
324,-1,1089,534,93,287,1,5.833,1.650,0.000
324,-1,1579,84,63,159,1,22.500,2.850,0.000
324,-1,1577,69,62,155,1,23.500,3.150,0.000
324,-1,661,404,90,246,1,7.167,5.850,0.000
324,-1,193,314,94,212,1,7.833,11.250,0.000
324,-1,432,232,74,190,1,11.167,11.250,0.000
324,-1,1008,30,45,135,1,23.833,11.250,0.000
324,-1,715,122,57,160,1,16.833,11.550,0.000
324,-1,988,29,45,134,1,23.833,11.550,0.000
324,-1,809,81,52,149,1,19.500,11.850,0.000
324,-1,769,78,52,148,1,19.500,12.450,0.000
324,-1,782,74,51,146,1,19.833,12.450,0.000
324,-1,912,25,45,132,1,23.833,12.750,0.000
324,-1,923,21,45,131,1,24.167,12.750,0.000
325,-1,1768,364,111,243,1,11.500,-1.650,0.000
325,-1,1681,322,96,228,1,12.500,-0.750,0.000
325,-1,1687,209,85,197,1,16.500,0.150,0.000
325,-1,1151,525,93,284,1,6.167,1.350,0.000
325,-1,1579,84,63,159,1,22.500,2.850,0.000
325,-1,619,446,95,257,1,6.167,5.550,0.000
325,-1,416,261,77,198,1,10.167,10.650,0.000
325,-1,1017,35,45,137,1,23.500,10.950,0.000
325,-1,673,146,60,167,1,15.500,11.250,0.000
325,-1,220,293,90,206,1,8.500,11.550,0.000
325,-1,732,99,54,153,1,18.167,12.150,0.000
325,-1,789,80,52,148,1,19.500,12.150,0.000
325,-1,964,15,44,130,1,24.833,12.450,0.000
325,-1,912,25,45,132,1,23.833,12.750,0.000
325,-1,905,20,45,131,1,24.167,13.050,0.000
326,-1,1759,376,111,246,1,11.167,-1.650,0.000
326,-1,1672,332,96,231,1,12.167,-0.750,0.000
326,-1,1695,201,85,195,1,16.833,0.150,0.000
326,-1,1206,447,86,263,1,7.833,1.650,0.000
326,-1,1586,79,63,158,1,22.833,2.850,0.000
326,-1,593,460,97,260,1,5.833,5.550,0.000
326,-1,393,269,79,200,1,9.833,10.650,0.000
326,-1,1028,31,45,135,1,23.833,10.950,0.000
326,-1,1038,28,44,134,1,24.167,10.950,0.000
326,-1,272,288,86,205,1,8.833,11.250,0.000
326,-1,640,158,62,170,1,14.833,11.250,0.000
326,-1,935,39,46,137,1,22.833,11.850,0.000
326,-1,703,109,56,156,1,17.500,12.150,0.000
326,-1,769,78,52,148,1,19.500,12.450,0.000
326,-1,901,28,45,133,1,23.500,12.750,0.000
327,-1,1759,376,111,246,1,11.167,-1.650,0.000
327,-1,1699,346,101,236,1,11.833,-1.050,0.000
327,-1,1703,194,85,193,1,17.167,0.150,0.000
327,-1,877,733,117,336,1,2.500,1.350,0.000
327,-1,1252,381,81,243,1,9.500,1.950,0.000
327,-1,1586,79,63,158,1,22.833,2.850,0.000
327,-1,552,528,107,279,1,4.500,4.950,0.000
327,-1,349,298,84,208,1,8.833,10.350,0.000
327,-1,1049,24,44,133,1,24.500,10.950,0.000
327,-1,1059,20,43,132,1,24.833,10.950,0.000
327,-1,296,280,84,203,1,9.167,11.250,0.000
327,-1,605,170,63,174,1,14.167,11.250,0.000
327,-1,912,47,47,139,1,22.167,11.850,0.000
327,-1,672,119,57,159,1,16.833,12.150,0.000
327,-1,880,50,48,140,1,21.833,12.150,0.000
327,-1,749,77,52,147,1,19.500,12.750,0.000
327,-1,742,71,51,145,1,19.833,13.050,0.000
328,-1,1749,388,111,249,1,10.833,-1.650,0.000
328,-1,1648,403,102,251,1,10.167,-1.050,0.000
328,-1,1719,179,85,190,1,17.833,0.150,0.000
328,-1,917,660,109,318,1,3.500,1.650,0.000
328,-1,1268,370,80,240,1,9.833,1.950,0.000
328,-1,1579,84,63,159,1,22.500,2.850,0.000
328,-1,1586,79,63,158,1,22.833,2.850,0.000
328,-1,506,608,117,300,1,3.167,4.350,0.000
328,-1,324,307,86,211,1,8.500,10.350,0.000
328,-1,1067,34,45,137,1,23.833,10.350,0.000
328,-1,1068,25,44,134,1,24.500,10.650,0.000
328,-1,320,271,82,200,1,9.500,11.250,0.000
328,-1,569,183,65,177,1,13.500,11.250,0.000
328,-1,895,60,49,143,1,21.167,11.550,0.000
328,-1,629,143,60,166,1,15.500,11.850,0.000
328,-1,640,130,59,162,1,16.167,12.150,0.000
328,-1,848,53,48,140,1,21.500,12.450,0.000
328,-1,720,86,53,149,1,18.833,12.750,0.000
329,-1,1729,412,112,256,1,10.167,-1.650,0.000
329,-1,1749,388,111,249,1,10.833,-1.650,0.000
329,-1,1726,144,82,181,1,19.500,0.450,0.000
329,-1,963,669,107,321,1,3.500,1.350,0.000
329,-1,1306,314,75,224,1,11.500,2.250,0.000
329,-1,1586,79,63,158,1,22.833,2.850,0.000
329,-1,473,627,121,304,1,2.833,4.350,0.000
329,-1,273,325,90,216,1,7.833,10.350,0.000
329,-1,1078,21,43,133,1,24.833,10.650,0.000
329,-1,1089,18,43,132,1,25.167,10.650,0.000
329,-1,320,271,82,200,1,9.500,11.250,0.000
329,-1,551,190,66,179,1,13.167,11.250,0.000
329,-1,829,66,50,144,1,20.500,12.150,0.000
329,-1,635,123,58,160,1,16.500,12.450,0.000
329,-1,700,85,53,149,1,18.833,13.050,0.000
329,-1,695,79,52,147,1,19.167,13.350,0.000
330,-1,1741,457,118,269,1,9.167,-1.950,0.000
330,-1,1741,131,83,178,1,20.167,0.450,0.000
330,-1,995,603,100,304,1,4.500,1.650,0.000
330,-1,1333,296,74,218,1,12.167,2.250,0.000
330,-1,1594,74,63,157,1,23.167,2.850,0.000
330,-1,430,594,118,295,1,3.167,4.950,0.000
330,-1,247,335,93,218,1,7.500,10.350,0.000
330,-1,513,203,68,183,1,12.500,11.250,0.000
330,-1,532,196,67,181,1,12.833,11.250,0.000
330,-1,509,194,68,180,1,12.833,11.550,0.000
330,-1,361,225,75,187,1,11.167,12.150,0.000
330,-1,816,71,51,146,1,20.167,12.150,0.000
330,-1,602,134,59,163,1,15.833,12.450,0.000
330,-1,676,101,55,153,1,17.833,12.750,0.000
330,-1,671,95,54,151,1,18.167,13.050,0.000
331,-1,1698,452,113,266,1,9.167,-1.650,0.000
331,-1,1741,131,83,178,1,20.167,0.450,0.000
331,-1,1020,585,98,300,1,4.833,1.650,0.000
331,-1,1364,250,70,204,1,13.833,2.550,0.000
331,-1,1601,69,64,156,1,23.500,2.850,0.000
331,-1,396,612,121,299,1,2.833,4.950,0.000
331,-1,191,354,99,224,1,6.833,10.350,0.000
331,-1,501,229,72,190,1,11.500,10.650,0.000
331,-1,1108,11,42,130,1,25.833,10.650,0.000
331,-1,473,217,71,186,1,11.833,11.250,0.000
331,-1,830,82,52,149,1,19.500,11.550,0.000
331,-1,809,81,52,149,1,19.500,11.850,0.000
331,-1,803,75,51,147,1,19.833,12.150,0.000
331,-1,380,208,73,182,1,11.833,12.450,0.000
331,-1,586,139,60,164,1,15.500,12.450,0.000
331,-1,581,132,59,162,1,15.833,12.750,0.000
331,-1,640,104,56,154,1,17.500,13.050,0.000
331,-1,656,99,55,153,1,17.833,13.050,0.000
332,-1,1686,465,113,270,1,8.833,-1.650,0.000
332,-1,1726,118,80,174,1,20.833,0.750,0.000
332,-1,1067,551,94,291,1,5.500,1.650,0.000
332,-1,1402,202,66,190,1,15.833,2.850,0.000
332,-1,1601,69,64,156,1,23.500,2.850,0.000
332,-1,570,699,126,325,1,2.167,3.150,0.000
332,-1,362,630,125,304,1,2.500,4.950,0.000
332,-1,128,390,108,234,1,5.833,10.050,0.000
332,-1,480,237,73,192,1,11.167,10.650,0.000
332,-1,456,235,73,191,1,11.167,10.950,0.000
332,-1,803,92,53,152,1,18.833,11.550,0.000
332,-1,542,173,65,174,1,13.833,11.850,0.000
332,-1,423,204,71,181,1,12.167,12.150,0.000
332,-1,556,159,63,170,1,14.500,12.150,0.000
332,-1,775,84,52,149,1,19.167,12.150,0.000
332,-1,614,121,58,159,1,16.500,12.750,0.000
332,-1,630,116,57,158,1,16.833,12.750,0.000
333,-1,1663,494,114,278,1,8.167,-1.650,0.000
333,-1,1713,106,77,170,1,21.500,1.050,0.000
333,-1,1089,534,93,287,1,5.833,1.650,0.000
333,-1,1440,198,67,189,1,16.167,2.550,0.000
333,-1,1611,80,65,159,1,22.833,2.550,0.000
333,-1,561,670,123,317,1,2.500,3.450,0.000
333,-1,290,696,136,324,1,1.500,4.650,0.000
333,-1,92,417,114,242,1,5.167,9.750,0.000
333,-1,438,253,76,196,1,10.500,10.650,0.000
333,-1,413,250,76,195,1,10.500,10.950,0.000
333,-1,789,97,54,153,1,18.500,11.550,0.000
333,-1,782,90,53,151,1,18.833,11.850,0.000
333,-1,520,171,65,173,1,13.833,12.150,0.000
333,-1,761,89,53,151,1,18.833,12.150,0.000
333,-1,421,195,70,179,1,12.500,12.450,0.000
333,-1,581,132,59,162,1,15.833,12.750,0.000
333,-1,598,127,59,160,1,16.167,12.750,0.000
334,-1,1731,471,118,273,1,8.833,-1.950,0.000
334,-1,1639,525,116,286,1,7.500,-1.650,0.000
334,-1,1693,99,74,167,1,21.833,1.350,0.000
334,-1,1111,483,88,273,1,6.833,1.950,0.000
334,-1,1618,75,65,158,1,23.167,2.550,0.000
334,-1,1472,137,62,171,1,19.167,3.150,0.000
334,-1,1481,131,62,170,1,19.500,3.150,0.000
334,-1,585,624,117,305,1,3.167,3.750,0.000
334,-1,416,261,77,198,1,10.167,10.650,0.000
334,-1,391,258,78,197,1,10.167,10.950,0.000
334,-1,528,188,66,178,1,13.167,11.550,0.000
334,-1,774,102,54,155,1,18.167,11.550,0.000
334,-1,753,100,54,154,1,18.167,11.850,0.000
334,-1,732,99,54,153,1,18.167,12.150,0.000
334,-1,460,182,67,175,1,13.167,12.450,0.000
334,-1,581,132,59,162,1,15.833,12.750,0.000
335,-1,1720,485,119,277,1,8.500,-1.950,0.000
335,-1,1626,541,117,291,1,7.167,-1.650,0.000
335,-1,1151,489,89,274,1,6.833,1.650,0.000
335,-1,1666,99,72,166,1,21.833,1.650,0.000
335,-1,1625,70,65,157,1,23.500,2.550,0.000
335,-1,1498,86,59,157,1,22.167,3.750,0.000
335,-1,1506,81,59,156,1,22.500,3.750,0.000
335,-1,576,598,114,298,1,3.500,4.050,0.000
335,-1,396,280,80,204,1,9.500,10.350,0.000
335,-1,347,286,83,205,1,9.167,10.650,0.000
335,-1,470,208,70,183,1,12.167,11.550,0.000
335,-1,528,188,66,178,1,13.167,11.550,0.000
335,-1,446,206,70,182,1,12.167,11.850,0.000
335,-1,768,95,54,153,1,18.500,11.850,0.000
335,-1,718,104,55,155,1,17.833,12.150,0.000
335,-1,569,145,61,166,1,15.167,12.450,0.000
335,-1,457,173,66,173,1,13.500,12.750,0.000
336,-1,1600,574,118,300,1,6.500,-1.650,0.000
336,-1,1188,460,87,267,1,7.500,1.650,0.000
336,-1,1654,87,70,162,1,22.500,1.950,0.000
336,-1,1661,82,70,161,1,22.833,1.950,0.000
336,-1,1636,81,67,160,1,22.833,2.250,0.000
336,-1,1523,104,62,163,1,21.167,3.150,0.000
336,-1,576,598,114,298,1,3.500,4.050,0.000
336,-1,349,298,84,208,1,8.833,10.350,0.000
336,-1,323,294,85,207,1,8.833,10.650,0.000
336,-1,410,240,75,192,1,10.833,11.250,0.000
336,-1,453,225,72,188,1,11.500,11.250,0.000
336,-1,408,230,74,189,1,11.167,11.550,0.000
336,-1,429,222,73,187,1,11.500,11.550,0.000
336,-1,470,208,70,183,1,12.167,11.550,0.000
336,-1,753,100,54,154,1,18.167,11.850,0.000
336,-1,551,151,62,167,1,14.833,12.450,0.000
336,-1,697,102,55,154,1,17.833,12.450,0.000
336,-1,494,161,64,170,1,14.167,12.750,0.000
337,-1,1600,574,118,300,1,6.500,-1.650,0.000
337,-1,1206,447,86,263,1,7.833,1.650,0.000
337,-1,1643,76,67,159,1,23.167,2.250,0.000
337,-1,1539,93,62,160,1,21.833,3.150,0.000
337,-1,589,535,106,281,1,4.500,4.650,0.000
337,-1,326,319,87,214,1,8.167,10.050,0.000
337,-1,299,316,88,213,1,8.167,10.350,0.000
337,-1,435,242,75,193,1,10.833,10.950,0.000
337,-1,5,371,118,231,1,5.833,11.250,0.000
337,-1,432,232,74,190,1,11.167,11.250,0.000
337,-1,386,237,76,191,1,10.833,11.550,0.000
337,-1,408,230,74,189,1,11.167,11.550,0.000
337,-1,715,122,57,160,1,16.833,11.550,0.000
337,-1,678,126,58,161,1,16.500,11.850,0.000
337,-1,693,121,57,160,1,16.833,11.850,0.000
337,-1,520,171,65,173,1,13.833,12.150,0.000
338,-1,1606,636,126,320,1,5.500,-1.950,0.000
338,-1,1237,392,81,247,1,9.167,1.950,0.000
338,-1,1650,71,68,158,1,23.500,2.250,0.000
338,-1,1547,88,62,159,1,22.167,3.150,0.000
338,-1,601,479,100,266,1,5.500,5.250,0.000
338,-1,300,329,90,217,1,7.833,10.050,0.000
338,-1,247,335,93,218,1,7.500,10.350,0.000
338,-1,389,247,77,194,1,10.500,11.250,0.000
338,-1,410,240,75,192,1,10.833,11.250,0.000
338,-1,44,347,111,223,1,6.500,11.550,0.000
338,-1,715,122,57,160,1,16.833,11.550,0.000
338,-1,340,242,78,192,1,10.500,11.850,0.000
338,-1,656,124,58,160,1,16.500,12.150,0.000
338,-1,516,163,64,170,1,14.167,12.450,0.000
338,-1,512,155,63,168,1,14.500,12.750,0.000
339,-1,1591,656,127,325,1,5.167,-1.950,0.000
339,-1,1256,409,84,252,1,8.833,1.650,0.000
339,-1,1650,71,68,158,1,23.500,2.250,0.000
339,-1,1562,78,62,157,1,22.833,3.150,0.000
339,-1,1560,63,60,153,1,23.833,3.450,0.000
339,-1,619,446,95,257,1,6.167,5.550,0.000
339,-1,247,348,95,222,1,7.167,10.050,0.000
339,-1,274,338,92,219,1,7.500,10.050,0.000
339,-1,219,344,96,221,1,7.167,10.350,0.000
339,-1,368,266,79,199,1,9.833,10.950,0.000
339,-1,391,258,78,197,1,10.167,10.950,0.000
339,-1,73,352,108,224,1,6.500,11.250,0.000
339,-1,320,271,82,200,1,9.500,11.250,0.000
339,-1,689,140,59,166,1,15.833,11.250,0.000
339,-1,319,260,81,197,1,9.833,11.550,0.000
339,-1,470,208,70,183,1,12.167,11.550,0.000
339,-1,18,329,112,219,1,6.833,12.150,0.000
339,-1,635,123,58,160,1,16.500,12.450,0.000
340,-1,1576,677,128,331,1,4.833,-1.950,0.000
340,-1,813,693,116,326,1,2.833,1.950,0.000
340,-1,1283,359,79,237,1,10.167,1.950,0.000
340,-1,1657,66,68,157,1,23.833,2.250,0.000
340,-1,1566,44,59,148,1,25.167,3.750,0.000
340,-1,619,446,95,257,1,6.167,5.550,0.000
340,-1,218,373,99,229,1,6.500,9.750,0.000
340,-1,190,368,101,228,1,6.500,10.050,0.000
340,-1,247,348,95,222,1,7.167,10.050,0.000
340,-1,347,286,83,205,1,9.167,10.650,0.000
340,-1,272,288,86,205,1,8.833,11.250,0.000
340,-1,449,215,71,185,1,11.833,11.550,0.000
340,-1,651,144,60,166,1,15.500,11.550,0.000
340,-1,82,312,103,212,1,7.500,12.150,0.000
340,-1,54,308,106,212,1,7.500,12.450,0.000
340,-1,598,127,59,160,1,16.167,12.750,0.000
341,-1,871,652,110,316,1,3.500,1.950,0.000
341,-1,1312,338,78,231,1,10.833,1.950,0.000
341,-1,1666,41,66,151,1,25.500,2.550,0.000
341,-1,1683,-1,64,141,1,28.833,3.150,0.000
341,-1,1571,26,57,143,1,26.500,4.050,0.000
341,-1,644,433,93,254,1,6.500,5.550,0.000
341,-1,158,394,106,235,1,5.833,9.750,0.000
341,-1,189,383,102,232,1,6.167,9.750,0.000
341,-1,298,303,87,210,1,8.500,10.650,0.000
341,-1,246,297,89,207,1,8.500,11.250,0.000
341,-1,82,312,103,212,1,7.500,12.150,0.000
341,-1,423,204,71,181,1,12.167,12.150,0.000
341,-1,590,147,61,166,1,15.167,12.150,0.000
341,-1,624,135,59,163,1,15.833,12.150,0.000
341,-1,640,130,59,162,1,16.167,12.150,0.000
341,-1,586,139,60,164,1,15.500,12.450,0.000
342,-1,925,614,104,307,1,4.167,1.950,0.000
342,-1,1312,338,78,231,1,10.833,1.950,0.000
342,-1,1673,37,66,150,1,25.833,2.550,0.000
342,-1,1571,26,57,143,1,26.500,4.050,0.000
342,-1,669,421,91,251,1,6.833,5.550,0.000
342,-1,124,422,112,243,1,5.167,9.450,0.000
342,-1,156,410,108,240,1,5.500,9.450,0.000
342,-1,273,312,89,212,1,8.167,10.650,0.000
342,-1,193,314,94,212,1,7.833,11.250,0.000
342,-1,110,316,101,213,1,7.500,11.850,0.000
342,-1,405,220,73,186,1,11.500,11.850,0.000
342,-1,556,159,63,170,1,14.500,12.150,0.000
342,-1,573,153,62,168,1,14.833,12.150,0.000
342,-1,619,128,59,161,1,16.167,12.450,0.000
343,-1,951,595,101,302,1,4.500,1.950,0.000
343,-1,1339,318,76,225,1,11.500,1.950,0.000
343,-1,1675,19,65,146,1,27.167,2.850,0.000
343,-1,1677,2,63,141,1,28.500,3.150,0.000
343,-1,1575,-2,55,135,1,28.833,4.650,0.000
343,-1,708,381,86,240,1,7.833,5.850,0.000
343,-1,676,377,86,238,1,7.833,6.150,0.000
343,-1,89,434,116,247,1,4.833,9.450,0.000
343,-1,57,429,119,246,1,4.833,9.750,0.000
343,-1,191,340,97,220,1,7.167,10.650,0.000
343,-1,219,331,94,217,1,7.500,10.650,0.000
343,-1,365,245,77,193,1,10.500,11.550,0.000
343,-1,578,160,63,170,1,14.500,11.850,0.000
343,-1,141,295,96,207,1,8.167,12.150,0.000
343,-1,538,165,64,171,1,14.167,12.150,0.000
343,-1,950,27,45,133,1,23.833,12.150,0.000
343,-1,679,62,51,142,1,20.167,14.250,0.000
344,-1,1020,585,98,300,1,4.833,1.650,0.000
344,-1,1352,309,76,222,1,11.833,1.950,0.000
344,-1,1671,6,63,142,1,28.167,3.150,0.000
344,-1,690,351,83,231,1,8.500,6.450,0.000
344,-1,14,459,127,255,1,4.167,9.450,0.000
344,-1,132,360,104,226,1,6.500,10.650,0.000
344,-1,191,340,97,220,1,7.167,10.650,0.000
344,-1,555,199,67,182,1,12.833,10.950,0.000
344,-1,167,298,94,208,1,8.167,11.850,0.000
344,-1,340,242,78,192,1,10.500,11.850,0.000
344,-1,505,186,67,177,1,13.167,11.850,0.000
344,-1,927,34,46,135,1,23.167,12.150,0.000
344,-1,700,85,53,149,1,18.833,13.050,0.000
345,-1,1047,528,92,285,1,5.833,1.950,0.000
345,-1,1370,270,72,210,1,13.167,2.250,0.000
345,-1,1675,19,65,146,1,27.167,2.850,0.000
345,-1,1658,14,63,144,1,27.500,3.150,0.000
345,-1,734,330,80,225,1,9.167,6.450,0.000
345,-1,703,327,80,224,1,9.167,6.750,0.000
345,-1,67,381,112,232,1,5.833,10.650,0.000
345,-1,532,196,67,181,1,12.833,11.250,0.000
345,-1,319,260,81,197,1,9.833,11.550,0.000
345,-1,489,201,69,182,1,12.500,11.550,0.000
345,-1,528,188,66,178,1,13.167,11.550,0.000
345,-1,167,298,94,208,1,8.167,11.850,0.000
345,-1,912,47,47,139,1,22.167,11.850,0.000
345,-1,169,275,91,201,1,8.833,12.450,0.000
345,-1,221,259,86,197,1,9.500,12.450,0.000
345,-1,729,76,52,146,1,19.500,13.050,0.000
346,-1,1069,513,91,281,1,6.167,1.950,0.000
346,-1,1382,261,72,208,1,13.500,2.250,0.000
346,-1,1673,37,66,150,1,25.833,2.550,0.000
346,-1,755,321,78,223,1,9.500,6.450,0.000
346,-1,725,317,79,221,1,9.500,6.750,0.000
346,-1,64,396,115,236,1,5.500,10.350,0.000
346,-1,295,268,83,199,1,9.500,11.550,0.000
346,-1,470,208,70,183,1,12.167,11.550,0.000
346,-1,489,201,69,182,1,12.500,11.550,0.000
346,-1,509,194,68,180,1,12.833,11.550,0.000
346,-1,486,192,68,179,1,12.833,11.850,0.000
346,-1,221,249,85,193,1,9.833,12.750,0.000
346,-1,889,32,46,134,1,23.167,12.750,0.000
346,-1,756,67,51,144,1,20.167,13.050,0.000
347,-1,1111,483,88,273,1,6.833,1.950,0.000
347,-1,1394,253,71,205,1,13.833,2.250,0.000
347,-1,1690,41,69,152,1,25.500,2.250,0.000
347,-1,1617,-1,58,137,1,28.833,4.050,0.000
347,-1,766,298,76,216,1,10.167,6.750,0.000
347,-1,737,295,76,214,1,10.167,7.050,0.000
347,-1,24,424,122,245,1,4.833,10.050,0.000
347,-1,272,288,86,205,1,8.833,11.250,0.000
347,-1,453,225,72,188,1,11.500,11.250,0.000
347,-1,493,210,70,184,1,12.167,11.250,0.000
347,-1,470,208,70,183,1,12.167,11.550,0.000
347,-1,862,63,49,144,1,20.833,11.850,0.000
347,-1,245,241,82,191,1,10.167,12.750,0.000
347,-1,789,49,48,139,1,21.500,13.350,0.000
348,-1,1131,437,83,260,1,7.833,2.250,0.000
348,-1,1406,245,71,203,1,14.167,2.250,0.000
348,-1,1596,-1,56,136,1,28.833,4.350,0.000
348,-1,748,274,73,208,1,10.833,7.350,0.000
348,-1,220,305,91,210,1,8.167,11.250,0.000
348,-1,432,232,74,190,1,11.167,11.250,0.000
348,-1,453,225,72,188,1,11.500,11.250,0.000
348,-1,473,217,71,186,1,11.833,11.250,0.000
348,-1,449,215,71,185,1,11.833,11.550,0.000
348,-1,294,247,80,193,1,10.167,12.150,0.000
348,-1,829,66,50,144,1,20.500,12.150,0.000
348,-1,269,244,81,192,1,10.167,12.450,0.000
348,-1,293,237,79,190,1,10.500,12.450,0.000
348,-1,269,234,80,189,1,10.500,12.750,0.000
349,-1,1167,411,81,253,1,8.500,2.250,0.000
349,-1,1420,212,68,193,1,15.500,2.550,0.000
349,-1,1571,26,57,143,1,26.500,4.050,0.000
349,-1,767,266,72,206,1,11.167,7.350,0.000
349,-1,459,245,74,194,1,10.833,10.650,0.000
349,-1,453,225,72,188,1,11.500,11.250,0.000
349,-1,166,311,96,211,1,7.833,11.550,0.000
349,-1,408,230,74,189,1,11.167,11.550,0.000
349,-1,429,222,73,187,1,11.500,11.550,0.000
349,-1,816,71,51,146,1,20.167,12.150,0.000
349,-1,315,229,77,188,1,10.833,12.450,0.000
349,-1,292,227,78,187,1,10.833,12.750,0.000
350,-1,1201,388,80,246,1,9.167,2.250,0.000
350,-1,1430,205,67,191,1,15.833,2.550,0.000
350,-1,1542,30,56,143,1,26.167,4.350,0.000
350,-1,804,249,70,201,1,11.833,7.350,0.000
350,-1,787,178,62,179,1,14.500,9.150,0.000
350,-1,788,134,58,165,1,16.500,10.350,0.000
350,-1,136,333,101,218,1,7.167,11.250,0.000
350,-1,410,240,75,192,1,10.833,11.250,0.000
350,-1,453,225,72,188,1,11.500,11.250,0.000
350,-1,789,97,54,153,1,18.500,11.550,0.000
350,-1,337,222,76,186,1,11.167,12.450,0.000
350,-1,314,220,76,185,1,11.167,12.750,0.000
351,-1,1233,365,78,239,1,9.833,2.250,0.000
351,-1,1451,191,67,187,1,16.500,2.550,0.000
351,-1,1513,33,55,143,1,25.833,4.650,0.000
351,-1,804,221,67,192,1,12.833,7.950,0.000
351,-1,368,266,79,199,1,9.833,10.950,0.000
351,-1,391,258,78,197,1,10.167,10.950,0.000
351,-1,435,242,75,193,1,10.833,10.950,0.000
351,-1,44,347,111,223,1,6.500,11.550,0.000
351,-1,774,102,54,155,1,18.167,11.550,0.000
351,-1,14,343,114,222,1,6.500,11.850,0.000
351,-1,336,213,75,183,1,11.500,12.750,0.000
351,-1,334,204,74,181,1,11.833,13.050,0.000
352,-1,1777,353,111,240,1,11.833,-1.650,0.000
352,-1,1828,106,91,177,1,21.500,-0.150,0.000
352,-1,1256,298,72,219,1,11.833,2.850,0.000
352,-1,1462,163,64,179,1,17.833,2.850,0.000
352,-1,1484,50,55,147,1,24.500,4.650,0.000
352,-1,822,214,66,190,1,13.167,7.950,0.000
352,-1,368,266,79,199,1,9.833,10.950,0.000
352,-1,435,242,75,193,1,10.833,10.950,0.000
352,-1,366,255,78,196,1,10.167,11.250,0.000
352,-1,44,347,111,223,1,6.500,11.550,0.000
352,-1,753,100,54,154,1,18.167,11.850,0.000
352,-1,51,321,107,215,1,7.167,12.150,0.000
352,-1,361,225,75,187,1,11.167,12.150,0.000
352,-1,359,215,74,184,1,11.500,12.450,0.000
352,-1,334,204,74,181,1,11.833,13.050,0.000
353,-1,1777,353,111,240,1,11.833,-1.650,0.000
353,-1,1815,119,91,179,1,20.833,-0.150,0.000
353,-1,1274,311,74,222,1,11.500,2.550,0.000
353,-1,1472,137,62,171,1,19.167,3.150,0.000
353,-1,1473,118,61,166,1,20.167,3.450,0.000
353,-1,1467,73,56,153,1,22.833,4.350,0.000
353,-1,1468,59,55,149,1,23.833,4.650,0.000
353,-1,839,207,65,188,1,13.500,7.950,0.000
353,-1,322,283,83,204,1,9.167,10.950,0.000
353,-1,345,274,81,201,1,9.500,10.950,0.000
353,-1,410,240,75,192,1,10.833,11.250,0.000
353,-1,408,230,74,189,1,11.167,11.550,0.000
353,-1,382,218,73,185,1,11.500,12.150,0.000
353,-1,84,299,102,209,1,7.833,12.450,0.000
353,-1,380,208,73,182,1,11.833,12.450,0.000
354,-1,1768,364,111,243,1,11.500,-1.650,0.000
354,-1,1801,132,90,182,1,20.167,-0.150,0.000
354,-1,1320,305,74,221,1,11.833,2.250,0.000
354,-1,1489,145,64,174,1,18.833,2.850,0.000
354,-1,1440,48,52,145,1,24.500,5.250,0.000
354,-1,855,200,64,186,1,13.833,7.950,0.000
354,-1,298,303,87,210,1,8.500,10.650,0.000
354,-1,297,291,85,206,1,8.833,10.950,0.000
354,-1,386,237,76,191,1,10.833,11.550,0.000
354,-1,466,199,69,181,1,12.500,11.850,0.000
354,-1,703,109,56,156,1,17.500,12.150,0.000
354,-1,421,195,70,179,1,12.500,12.450,0.000
354,-1,143,272,93,200,1,8.833,12.750,0.000
355,-1,1762,430,117,262,1,9.833,-1.950,0.000
355,-1,1794,139,90,183,1,19.833,-0.150,0.000
355,-1,1346,287,73,215,1,12.500,2.250,0.000
355,-1,1498,139,64,172,1,19.167,2.850,0.000
355,-1,1410,51,52,145,1,24.167,5.550,0.000
355,-1,869,169,61,177,1,15.167,8.550,0.000
355,-1,273,312,89,212,1,8.167,10.650,0.000
355,-1,345,274,81,201,1,9.500,10.950,0.000
355,-1,272,288,86,205,1,8.833,11.250,0.000
355,-1,195,278,90,202,1,8.833,12.150,0.000
355,-1,672,119,57,159,1,16.833,12.150,0.000
355,-1,479,175,66,174,1,13.500,12.450,0.000
355,-1,438,180,68,174,1,13.167,12.750,0.000
356,-1,1752,443,118,265,1,9.500,-1.950,0.000
356,-1,1391,693,120,331,1,4.167,-1.050,0.000
356,-1,1789,174,93,192,1,18.167,-0.450,0.000
356,-1,1370,270,72,210,1,13.167,2.250,0.000
356,-1,1515,127,64,169,1,19.833,2.850,0.000
356,-1,1385,63,52,149,1,23.167,5.550,0.000
356,-1,884,163,60,175,1,15.500,8.550,0.000
356,-1,323,294,85,207,1,8.833,10.650,0.000
356,-1,246,309,90,211,1,8.167,10.950,0.000
356,-1,246,297,89,207,1,8.500,11.250,0.000
356,-1,651,144,60,166,1,15.500,11.550,0.000
356,-1,505,186,67,177,1,13.167,11.850,0.000
356,-1,460,182,67,175,1,13.167,12.450,0.000
357,-1,1741,457,118,269,1,9.167,-1.950,0.000
357,-1,1409,672,119,326,1,4.500,-1.050,0.000
357,-1,1782,182,93,194,1,17.833,-0.450,0.000
357,-1,1797,167,93,190,1,18.500,-0.450,0.000
357,-1,1394,253,71,205,1,13.833,2.250,0.000
357,-1,1540,111,63,165,1,20.833,2.850,0.000
357,-1,1363,62,51,148,1,23.167,5.850,0.000
357,-1,890,149,58,171,1,16.167,8.850,0.000
357,-1,219,344,96,221,1,7.167,10.350,0.000
357,-1,191,340,97,220,1,7.167,10.650,0.000
357,-1,296,280,84,203,1,9.167,11.250,0.000
357,-1,605,170,63,174,1,14.167,11.250,0.000
357,-1,542,173,65,174,1,13.833,11.850,0.000
357,-1,269,234,80,189,1,10.500,12.750,0.000
357,-1,491,153,63,167,1,14.500,13.050,0.000
358,-1,1731,471,118,273,1,8.833,-1.950,0.000
358,-1,1427,652,117,320,1,4.833,-1.050,0.000
358,-1,1797,167,93,190,1,18.500,-0.450,0.000
358,-1,1765,166,89,189,1,18.500,-0.150,0.000
358,-1,1409,219,68,195,1,15.167,2.550,0.000
358,-1,1540,111,63,165,1,20.833,2.850,0.000
358,-1,1332,65,50,148,1,22.833,6.150,0.000
358,-1,904,143,57,169,1,16.500,8.850,0.000
358,-1,191,340,97,220,1,7.167,10.650,0.000
358,-1,219,331,94,217,1,7.500,10.650,0.000
358,-1,164,337,99,219,1,7.167,10.950,0.000
358,-1,296,280,84,203,1,9.167,11.250,0.000
358,-1,295,268,83,199,1,9.500,11.550,0.000
358,-1,578,160,63,170,1,14.500,11.850,0.000
358,-1,51,321,107,215,1,7.167,12.150,0.000
358,-1,512,155,63,168,1,14.500,12.750,0.000
359,-1,1708,500,119,281,1,8.167,-1.950,0.000
359,-1,1477,595,114,305,1,5.833,-1.050,0.000
359,-1,1792,206,97,200,1,16.833,-0.750,0.000
359,-1,1759,205,92,198,1,16.833,-0.450,0.000
359,-1,1438,222,70,196,1,15.167,2.250,0.000
359,-1,1564,95,63,161,1,21.833,2.850,0.000
359,-1,1310,63,50,148,1,22.833,6.450,0.000
359,-1,924,125,55,163,1,17.500,9.150,0.000
359,-1,191,354,99,224,1,6.833,10.350,0.000
359,-1,162,350,100,223,1,6.833,10.650,0.000
359,-1,108,329,103,217,1,7.167,11.550,0.000
359,-1,582,168,63,173,1,14.167,11.550,0.000
359,-1,359,215,74,184,1,11.500,12.450,0.000
359,-1,543,136,60,163,1,15.500,13.050,0.000
360,-1,1708,500,119,281,1,8.167,-1.950,0.000
360,-1,1493,577,112,300,1,6.167,-1.050,0.000
360,-1,1797,167,93,190,1,18.500,-0.450,0.000
360,-1,1742,188,89,193,1,17.500,-0.150,0.000
360,-1,1451,191,67,187,1,16.500,2.550,0.000
360,-1,1571,89,63,160,1,22.167,2.850,0.000
360,-1,1272,81,50,153,1,21.500,6.450,0.000
360,-1,937,119,55,162,1,17.833,9.150,0.000
360,-1,98,385,110,233,1,5.833,10.350,0.000
360,-1,130,375,106,230,1,6.167,10.350,0.000
360,-1,100,370,108,229,1,6.167,10.650,0.000
360,-1,165,323,97,215,1,7.500,11.250,0.000
360,-1,137,320,99,214,1,7.500,11.550,0.000
360,-1,617,156,62,170,1,14.833,11.550,0.000
360,-1,551,151,62,167,1,14.833,12.450,0.000
360,-1,398,193,70,178,1,12.500,12.750,0.000
361,-1,1709,571,128,303,1,6.833,-2.250,0.000
361,-1,1537,528,109,286,1,7.167,-1.050,0.000
361,-1,1797,167,93,190,1,18.500,-0.450,0.000
361,-1,1726,203,88,197,1,16.833,-0.150,0.000
361,-1,1469,200,69,190,1,16.167,2.250,0.000
361,-1,1579,84,63,159,1,22.500,2.850,0.000
361,-1,1240,84,50,153,1,21.167,6.750,0.000
361,-1,951,114,54,160,1,18.167,9.150,0.000
361,-1,64,396,115,236,1,5.500,10.350,0.000
361,-1,98,385,110,233,1,5.833,10.350,0.000
361,-1,489,201,69,182,1,12.500,11.550,0.000
361,-1,634,150,61,168,1,15.167,11.550,0.000
361,-1,168,286,93,204,1,8.500,12.150,0.000
361,-1,441,188,68,177,1,12.833,12.450,0.000
361,-1,577,125,59,160,1,16.167,13.050,0.000
362,-1,1709,571,128,303,1,6.833,-2.250,0.000
362,-1,1551,512,108,281,1,7.500,-1.050,0.000
362,-1,1804,160,94,189,1,18.833,-0.450,0.000
362,-1,1702,227,88,202,1,15.833,-0.150,0.000
362,-1,1489,145,64,174,1,18.833,2.850,0.000
362,-1,1586,79,63,158,1,22.833,2.850,0.000
362,-1,1217,83,49,153,1,21.167,7.050,0.000
362,-1,964,109,53,159,1,18.500,9.150,0.000
362,-1,60,412,117,241,1,5.167,10.050,0.000
362,-1,36,376,115,231,1,5.833,10.950,0.000
362,-1,656,124,58,160,1,16.500,12.150,0.000
362,-1,479,175,66,174,1,13.500,12.450,0.000
362,-1,221,249,85,193,1,9.833,12.750,0.000
362,-1,609,115,57,157,1,16.833,13.050,0.000
363,-1,1709,571,128,303,1,6.833,-2.250,0.000
363,-1,1564,497,107,277,1,7.833,-1.050,0.000
363,-1,1792,206,97,200,1,16.833,-0.750,0.000
363,-1,1694,235,88,204,1,15.500,-0.150,0.000
363,-1,1507,152,66,176,1,18.500,2.550,0.000
363,-1,1594,74,63,157,1,23.167,2.850,0.000
363,-1,1186,97,50,157,1,20.167,7.050,0.000
363,-1,971,86,51,152,1,19.833,9.750,0.000
363,-1,24,424,122,245,1,4.833,10.050,0.000
363,-1,689,140,59,166,1,15.833,11.250,0.000
363,-1,270,255,83,195,1,9.833,12.150,0.000
363,-1,520,171,65,173,1,13.833,12.150,0.000
363,-1,269,244,81,192,1,10.167,12.450,0.000
363,-1,620,103,56,153,1,17.500,13.350,0.000
364,-1,1697,588,128,308,1,6.500,-2.250,0.000
364,-1,1779,258,101,214,1,14.833,-1.050,0.000
364,-1,1561,450,101,263,1,8.833,-0.750,0.000
364,-1,1676,251,88,208,1,14.833,-0.150,0.000
364,-1,1524,140,65,173,1,19.167,2.550,0.000
364,-1,1608,65,64,155,1,23.833,2.850,0.000
364,-1,1151,100,50,157,1,19.833,7.350,0.000
364,-1,1162,84,49,153,1,20.833,7.650,0.000
364,-1,993,88,51,153,1,19.833,9.450,0.000
364,-1,368,266,79,199,1,9.833,10.950,0.000
364,-1,318,250,80,194,1,10.167,11.850,0.000
364,-1,560,167,64,172,1,14.167,11.850,0.000
364,-1,709,115,56,158,1,17.167,11.850,0.000
364,-1,703,109,56,156,1,17.500,12.150,0.000
364,-1,640,104,56,154,1,17.500,13.050,0.000
364,-1,772,21,46,130,1,23.500,14.850,0.000
365,-1,1697,588,128,308,1,6.500,-2.250,0.000
365,-1,1791,288,105,223,1,13.833,-1.350,0.000
365,-1,1561,450,101,263,1,8.833,-0.750,0.000
365,-1,1649,278,88,215,1,13.833,-0.150,0.000
365,-1,1540,111,63,165,1,20.833,2.850,0.000
365,-1,1622,55,64,153,1,24.500,2.850,0.000
365,-1,1128,110,51,160,1,19.167,7.350,0.000
365,-1,1005,83,50,151,1,20.167,9.450,0.000
365,-1,365,245,77,193,1,10.500,11.550,0.000
365,-1,607,141,60,165,1,15.500,12.150,0.000
365,-1,718,104,55,155,1,17.833,12.150,0.000
365,-1,666,112,56,157,1,17.167,12.450,0.000
365,-1,796,27,46,132,1,23.167,14.250,0.000
365,-1,808,23,46,131,1,23.500,14.250,0.000
366,-1,1774,308,105,227,1,13.167,-1.350,0.000
366,-1,1559,406,96,251,1,9.833,-0.450,0.000
366,-1,1640,287,89,217,1,13.500,-0.150,0.000
366,-1,1558,117,65,168,1,20.500,2.550,0.000
366,-1,1629,50,64,152,1,24.833,2.850,0.000
366,-1,1104,120,53,163,1,18.500,7.350,0.000
366,-1,1072,88,50,153,1,20.167,8.550,0.000
366,-1,1017,79,50,150,1,20.500,9.450,0.000
366,-1,297,291,85,206,1,8.833,10.950,0.000
366,-1,629,143,60,166,1,15.500,11.850,0.000
366,-1,645,137,59,164,1,15.833,11.850,0.000
366,-1,403,211,72,183,1,11.833,12.150,0.000
366,-1,726,92,54,151,1,18.500,12.450,0.000
366,-1,691,96,54,152,1,18.167,12.750,0.000
366,-1,706,91,54,151,1,18.500,12.750,0.000
366,-1,808,23,46,131,1,23.500,14.250,0.000
367,-1,1756,328,105,232,1,12.500,-1.350,0.000
367,-1,1545,379,92,243,1,10.500,-0.150,0.000
367,-1,1630,296,89,220,1,13.167,-0.150,0.000
367,-1,1573,106,65,165,1,21.167,2.550,0.000
367,-1,1639,27,63,146,1,26.500,3.150,0.000
367,-1,1068,123,54,164,1,18.167,7.650,0.000
367,-1,1031,64,48,146,1,21.500,9.750,0.000
367,-1,466,199,69,181,1,12.500,11.850,0.000
367,-1,687,114,56,158,1,17.167,12.150,0.000
367,-1,726,92,54,151,1,18.500,12.450,0.000
367,-1,769,78,52,148,1,19.500,12.450,0.000
367,-1,221,249,85,193,1,9.833,12.750,0.000
367,-1,221,219,81,185,1,10.833,13.650,0.000
367,-1,796,27,46,132,1,23.167,14.250,0.000
368,-1,1747,339,105,235,1,12.167,-1.350,0.000
368,-1,1625,339,93,232,1,11.833,-0.450,0.000
368,-1,1545,379,92,243,1,10.500,-0.150,0.000
368,-1,1589,96,65,162,1,21.833,2.550,0.000
368,-1,1645,23,63,145,1,26.833,3.150,0.000
368,-1,1042,134,55,167,1,17.500,7.650,0.000
368,-1,1041,70,49,147,1,21.167,9.450,0.000
368,-1,194,302,93,209,1,8.167,11.550,0.000
368,-1,505,186,67,177,1,13.167,11.850,0.000
368,-1,732,99,54,153,1,18.167,12.150,0.000
368,-1,789,80,52,148,1,19.500,12.150,0.000
368,-1,726,92,54,151,1,18.500,12.450,0.000
368,-1,782,74,51,146,1,19.833,12.450,0.000
368,-1,720,86,53,149,1,18.833,12.750,0.000
368,-1,796,40,47,136,1,22.167,13.650,0.000
369,-1,1728,361,106,241,1,11.500,-1.350,0.000
369,-1,1615,350,93,235,1,11.500,-0.450,0.000
369,-1,1543,342,88,232,1,11.500,0.150,0.000
369,-1,1604,85,65,160,1,22.500,2.550,0.000
369,-1,1649,36,64,149,1,25.833,2.850,0.000
369,-1,1002,151,57,172,1,16.500,7.650,0.000
369,-1,1066,43,46,139,1,23.167,10.050,0.000
369,-1,560,167,64,172,1,14.167,11.850,0.000
369,-1,775,84,52,149,1,19.167,12.150,0.000
369,-1,816,71,51,146,1,20.167,12.150,0.000
369,-1,755,83,52,149,1,19.167,12.450,0.000
369,-1,808,36,47,135,1,22.500,13.650,0.000
370,-1,1709,384,106,247,1,10.833,-1.350,0.000
370,-1,1593,372,94,241,1,10.833,-0.450,0.000
370,-1,1554,332,87,229,1,11.833,0.150,0.000
370,-1,1611,80,65,159,1,22.833,2.550,0.000
370,-1,1658,14,63,144,1,27.500,3.150,0.000
370,-1,963,155,58,173,1,16.167,7.950,0.000
370,-1,1078,30,44,135,1,24.167,10.350,0.000
370,-1,605,170,63,174,1,14.167,11.250,0.000
370,-1,1080,5,42,128,1,26.167,11.250,0.000
370,-1,817,87,52,151,1,19.167,11.550,0.000
370,-1,775,84,52,149,1,19.167,12.150,0.000
370,-1,789,80,52,148,1,19.500,12.150,0.000
370,-1,808,23,46,131,1,23.500,14.250,0.000
371,-1,1688,408,107,253,1,10.167,-1.350,0.000
371,-1,1579,346,90,233,1,11.500,-0.150,0.000
371,-1,1622,55,64,153,1,24.500,2.850,0.000
371,-1,1664,10,63,143,1,27.833,3.150,0.000
371,-1,934,167,60,177,1,15.500,7.950,0.000
371,-1,1088,26,44,134,1,24.500,10.350,0.000
371,-1,651,144,60,166,1,15.500,11.550,0.000
371,-1,830,82,52,149,1,19.500,11.550,0.000
371,-1,802,60,49,142,1,20.833,12.750,0.000
371,-1,796,27,46,132,1,23.167,14.250,0.000
372,-1,1655,447,108,264,1,9.167,-1.350,0.000
372,-1,1568,356,91,236,1,11.167,-0.150,0.000
372,-1,1629,50,64,152,1,24.833,2.850,0.000
372,-1,1671,6,63,142,1,28.167,3.150,0.000
372,-1,903,180,61,181,1,14.833,7.950,0.000
372,-1,869,114,55,160,1,17.833,10.050,0.000
372,-1,1108,27,44,135,1,24.500,10.050,0.000
372,-1,693,121,57,160,1,16.833,11.850,0.000
372,-1,814,28,46,132,1,23.167,13.950,0.000
372,-1,808,23,46,131,1,23.500,14.250,0.000
373,-1,1626,428,103,258,1,9.500,-1.050,0.000
373,-1,1547,419,97,254,1,9.500,-0.450,0.000
373,-1,1570,395,95,248,1,10.167,-0.450,0.000
373,-1,1808,125,91,180,1,20.500,-0.150,0.000
373,-1,1636,46,64,151,1,25.167,2.850,0.000
373,-1,862,184,62,181,1,14.500,8.250,0.000
373,-1,883,109,54,158,1,18.167,10.050,0.000
373,-1,1128,20,43,133,1,25.167,10.050,0.000
373,-1,715,122,57,160,1,16.833,11.550,0.000
373,-1,828,51,48,140,1,21.500,12.750,0.000
373,-1,814,28,46,132,1,23.167,13.950,0.000
373,-1,808,23,46,131,1,23.500,14.250,0.000
374,-1,1697,588,128,308,1,6.500,-2.250,0.000
374,-1,1561,698,130,338,1,4.500,-1.950,0.000
374,-1,1576,677,128,331,1,4.833,-1.950,0.000
374,-1,1591,656,127,325,1,5.167,-1.950,0.000
374,-1,1606,636,126,320,1,5.500,-1.950,0.000
374,-1,1620,617,125,314,1,5.833,-1.950,0.000
374,-1,1541,648,123,321,1,5.167,-1.650,0.000
374,-1,1607,503,111,280,1,7.833,-1.350,0.000
374,-1,1535,477,103,271,1,8.167,-0.750,0.000
374,-1,1593,372,94,241,1,10.833,-0.450,0.000
374,-1,1808,125,91,180,1,20.500,-0.150,0.000
374,-1,1645,23,63,145,1,26.833,3.150,0.000
374,-1,837,182,62,181,1,14.500,8.550,0.000
374,-1,1137,1,41,127,1,26.833,10.650,0.000
374,-1,911,72,50,147,1,20.500,10.950,0.000
374,-1,936,63,49,144,1,21.167,10.950,0.000
374,-1,730,117,56,159,1,17.167,11.550,0.000
374,-1,842,62,49,143,1,20.833,12.150,0.000
374,-1,808,23,46,131,1,23.500,14.250,0.000
375,-1,1709,571,128,303,1,6.833,-2.250,0.000
375,-1,1576,677,128,331,1,4.833,-1.950,0.000
375,-1,1606,636,126,320,1,5.500,-1.950,0.000
375,-1,1620,617,125,314,1,5.833,-1.950,0.000
375,-1,1541,648,123,321,1,5.167,-1.650,0.000
375,-1,1556,629,122,316,1,5.500,-1.650,0.000
375,-1,1553,567,115,297,1,6.500,-1.350,0.000
375,-1,1551,512,108,281,1,7.500,-1.050,0.000
375,-1,1522,492,104,275,1,7.833,-0.750,0.000
375,-1,1804,160,94,189,1,18.833,-0.450,0.000
375,-1,1625,266,85,211,1,14.167,0.150,0.000
375,-1,1652,19,63,144,1,27.167,3.150,0.000
375,-1,1683,-1,64,141,1,28.833,3.150,0.000
375,-1,787,202,65,186,1,13.500,8.550,0.000
375,-1,734,144,59,167,1,15.833,10.650,0.000
375,-1,972,51,47,141,1,22.167,10.950,0.000
375,-1,892,46,47,139,1,22.167,12.150,0.000
375,-1,1024,2,42,127,1,26.167,12.150,0.000
375,-1,858,35,46,135,1,22.833,13.050,0.000
375,-1,802,31,47,134,1,22.833,13.950,0.000
376,-1,1709,571,128,303,1,6.833,-2.250,0.000
376,-1,1606,636,126,320,1,5.500,-1.950,0.000
376,-1,1620,617,125,314,1,5.833,-1.950,0.000
376,-1,1541,648,123,321,1,5.167,-1.650,0.000
376,-1,1556,629,122,316,1,5.500,-1.650,0.000
376,-1,1523,544,110,290,1,6.833,-1.050,0.000
376,-1,1508,506,105,279,1,7.500,-0.750,0.000
376,-1,1797,167,93,190,1,18.500,-0.450,0.000
376,-1,1629,230,82,201,1,15.500,0.450,0.000
376,-1,1658,14,63,144,1,27.500,3.150,0.000
376,-1,1683,-1,64,141,1,28.833,3.150,0.000
376,-1,770,209,66,188,1,13.167,8.550,0.000
376,-1,734,144,59,167,1,15.833,10.650,0.000
376,-1,1015,44,46,139,1,22.833,10.650,0.000
376,-1,994,43,46,139,1,22.833,10.950,0.000
376,-1,1006,39,46,138,1,23.167,10.950,0.000
376,-1,923,43,47,138,1,22.500,11.850,0.000
376,-1,870,31,46,134,1,23.167,13.050,0.000
376,-1,796,40,47,136,1,22.167,13.650,0.000
377,-1,1644,665,132,330,1,5.167,-2.250,0.000
377,-1,1591,656,127,325,1,5.167,-1.950,0.000
377,-1,1752,443,118,265,1,9.500,-1.950,0.000
377,-1,1493,577,112,300,1,6.167,-1.050,0.000
377,-1,1508,560,111,295,1,6.500,-1.050,0.000
377,-1,1792,206,97,200,1,16.833,-0.750,0.000
377,-1,1638,222,82,199,1,15.833,0.450,0.000
377,-1,1677,2,63,141,1,28.500,3.150,0.000
377,-1,726,214,67,189,1,12.833,8.850,0.000
377,-1,719,204,66,186,1,13.167,9.150,0.000
377,-1,725,157,61,171,1,15.167,10.350,0.000
377,-1,1015,44,46,139,1,22.833,10.650,0.000
377,-1,1026,40,46,138,1,23.167,10.650,0.000
377,-1,943,44,47,139,1,22.500,11.550,0.000
377,-1,886,19,45,130,1,24.167,13.350,0.000
377,-1,796,40,47,136,1,22.167,13.650,0.000
378,-1,1657,645,131,324,1,5.500,-2.250,0.000
378,-1,1591,656,127,325,1,5.167,-1.950,0.000
378,-1,1493,577,112,300,1,6.167,-1.050,0.000
378,-1,1448,571,109,297,1,6.167,-0.750,0.000
378,-1,1792,206,97,200,1,16.833,-0.750,0.000
378,-1,1647,215,82,197,1,16.167,0.450,0.000
378,-1,1683,-1,64,141,1,28.833,3.150,0.000
378,-1,671,236,70,195,1,11.833,8.850,0.000
378,-1,1047,32,45,136,1,23.833,10.650,0.000
378,-1,712,142,59,167,1,15.833,10.950,0.000
378,-1,1008,30,45,135,1,23.833,11.250,0.000
378,-1,947,35,46,136,1,23.167,11.850,0.000
378,-1,901,28,45,133,1,23.500,12.750,0.000
378,-1,912,25,45,132,1,23.833,12.750,0.000
378,-1,783,59,50,142,1,20.833,13.050,0.000
379,-1,1614,707,134,343,1,4.500,-2.250,0.000
379,-1,1657,645,131,324,1,5.500,-2.250,0.000
379,-1,1444,632,116,315,1,5.167,-1.050,0.000
379,-1,1477,595,114,305,1,5.833,-1.050,0.000
379,-1,1664,200,82,194,1,16.833,0.450,0.000
379,-1,632,252,72,199,1,11.167,8.850,0.000
379,-1,1058,29,44,135,1,24.167,10.650,0.000
379,-1,1068,25,44,134,1,24.500,10.650,0.000
379,-1,715,122,57,160,1,16.833,11.550,0.000
379,-1,988,29,45,134,1,23.833,11.550,0.000
379,-1,950,27,45,133,1,23.833,12.150,0.000
379,-1,770,63,50,143,1,20.500,13.050,0.000
379,-1,905,20,45,131,1,24.167,13.050,0.000
380,-1,1629,686,133,336,1,4.833,-2.250,0.000
380,-1,1671,625,130,318,1,5.833,-2.250,0.000
380,-1,1409,672,119,326,1,4.500,-1.050,0.000
380,-1,1493,577,112,300,1,6.167,-1.050,0.000
380,-1,1702,227,88,202,1,15.833,-0.150,0.000
380,-1,1705,-2,66,142,1,28.833,2.850,0.000
380,-1,585,258,74,200,1,10.833,9.150,0.000
380,-1,1078,21,43,133,1,24.833,10.650,0.000
380,-1,969,28,45,134,1,23.833,11.850,0.000
380,-1,980,24,44,133,1,24.167,11.850,0.000
380,-1,712,97,54,153,1,18.167,12.450,0.000
380,-1,742,71,51,145,1,19.833,13.050,0.000
380,-1,927,13,44,129,1,24.833,13.050,0.000
381,-1,1657,645,131,324,1,5.500,-2.250,0.000
381,-1,1671,625,130,318,1,5.833,-2.250,0.000
381,-1,1634,599,124,309,1,6.167,-1.950,0.000
381,-1,1508,621,118,312,1,5.500,-1.350,0.000
381,-1,1391,693,120,331,1,4.167,-1.050,0.000
381,-1,544,274,76,205,1,10.167,9.150,0.000
381,-1,1099,14,42,131,1,25.500,10.650,0.000
381,-1,988,29,45,134,1,23.833,11.550,0.000
381,-1,980,24,44,133,1,24.167,11.850,0.000
381,-1,718,104,55,155,1,17.833,12.150,0.000
381,-1,942,22,45,132,1,24.167,12.450,0.000
381,-1,953,18,44,131,1,24.500,12.450,0.000
381,-1,714,80,52,148,1,19.167,13.050,0.000
382,-1,1620,617,125,314,1,5.833,-1.950,0.000
382,-1,1634,599,124,309,1,6.167,-1.950,0.000
382,-1,1525,668,124,327,1,4.833,-1.650,0.000
382,-1,1351,738,123,344,1,3.500,-1.050,0.000
382,-1,482,313,82,215,1,8.833,8.850,0.000
382,-1,1109,3,41,128,1,26.500,10.950,0.000
382,-1,947,35,46,136,1,23.167,11.850,0.000
382,-1,1002,17,44,131,1,24.833,11.850,0.000
382,-1,950,27,45,133,1,23.833,12.150,0.000
382,-1,983,16,44,130,1,24.833,12.150,0.000
382,-1,964,15,44,130,1,24.833,12.450,0.000
382,-1,706,91,54,151,1,18.500,12.750,0.000
383,-1,1544,720,131,344,1,4.167,-1.950,0.000
383,-1,1634,599,124,309,1,6.167,-1.950,0.000
383,-1,1647,581,123,304,1,6.500,-1.950,0.000
383,-1,1777,222,96,204,1,16.167,-0.750,0.000
383,-1,428,307,82,212,1,8.833,9.450,0.000
383,-1,709,115,56,158,1,17.167,11.850,0.000
383,-1,923,43,47,138,1,22.500,11.850,0.000
383,-1,1024,2,42,127,1,26.167,12.150,0.000
383,-1,676,101,55,153,1,17.833,12.750,0.000
384,-1,1561,698,130,338,1,4.500,-1.950,0.000
384,-1,1634,599,124,309,1,6.167,-1.950,0.000
384,-1,1673,547,121,294,1,7.167,-1.950,0.000
384,-1,1769,230,96,206,1,15.833,-0.750,0.000
384,-1,1643,249,85,207,1,14.833,0.150,0.000
384,-1,380,326,86,217,1,8.167,9.450,0.000
384,-1,721,129,58,163,1,16.500,11.250,0.000
384,-1,903,66,49,145,1,20.833,11.250,0.000
385,-1,1620,617,125,314,1,5.833,-1.950,0.000
385,-1,1634,599,124,309,1,6.167,-1.950,0.000
385,-1,1698,452,113,266,1,9.167,-1.650,0.000
385,-1,1745,295,100,223,1,13.500,-1.050,0.000
385,-1,1616,275,85,214,1,13.833,0.150,0.000
385,-1,327,332,89,218,1,7.833,9.750,0.000
385,-1,877,75,50,147,1,20.167,11.250,0.000
385,-1,724,110,56,157,1,17.500,11.850,0.000
386,-1,1620,617,125,314,1,5.833,-1.950,0.000
386,-1,1626,541,117,291,1,7.167,-1.650,0.000
386,-1,1686,465,113,270,1,8.833,-1.650,0.000
386,-1,1708,438,112,263,1,9.500,-1.650,0.000
386,-1,1719,425,112,259,1,9.833,-1.650,0.000
386,-1,1728,361,106,241,1,11.500,-1.350,0.000
386,-1,1709,336,101,233,1,12.167,-1.050,0.000
386,-1,1592,263,82,210,1,14.167,0.450,0.000
386,-1,274,338,92,219,1,7.500,10.050,0.000
386,-1,844,78,51,148,1,19.833,11.550,0.000
386,-1,724,110,56,157,1,17.500,11.850,0.000
387,-1,1663,494,114,278,1,8.167,-1.650,0.000
387,-1,1719,425,112,259,1,9.833,-1.650,0.000
387,-1,1729,412,112,256,1,10.167,-1.650,0.000
387,-1,1632,474,109,271,1,8.500,-1.350,0.000
387,-1,1681,322,96,228,1,12.500,-0.750,0.000
387,-1,1562,290,83,217,1,13.167,0.450,0.000
387,-1,219,358,97,225,1,6.833,10.050,0.000
387,-1,721,129,58,163,1,16.500,11.250,0.000
387,-1,817,87,52,151,1,19.167,11.550,0.000
387,-1,560,131,60,161,1,15.833,13.050,0.000
388,-1,1719,425,112,259,1,9.833,-1.650,0.000
388,-1,1729,412,112,256,1,10.167,-1.650,0.000
388,-1,1632,474,109,271,1,8.500,-1.350,0.000
388,-1,1652,353,97,237,1,11.500,-0.750,0.000
388,-1,1540,277,80,213,1,13.500,0.750,0.000
388,-1,1550,269,80,211,1,13.833,0.750,0.000
388,-1,189,383,102,232,1,6.167,9.750,0.000
388,-1,721,129,58,163,1,16.500,11.250,0.000
388,-1,796,103,54,155,1,18.167,11.250,0.000
388,-1,516,163,64,170,1,14.167,12.450,0.000
389,-1,1739,400,111,252,1,10.500,-1.650,0.000
389,-1,1644,460,109,268,1,8.833,-1.350,0.000
389,-1,1615,350,93,235,1,11.500,-0.450,0.000
389,-1,1519,295,81,218,1,12.833,0.750,0.000
389,-1,95,401,112,237,1,5.500,10.050,0.000
389,-1,724,110,56,157,1,17.500,11.850,0.000
389,-1,768,95,54,153,1,18.500,11.850,0.000
389,-1,494,161,64,170,1,14.167,12.750,0.000
390,-1,1749,388,111,249,1,10.833,-1.650,0.000
390,-1,1655,447,108,264,1,9.167,-1.350,0.000
390,-1,1576,312,86,224,1,12.500,0.150,0.000
390,-1,1497,314,82,224,1,12.167,0.750,0.000
390,-1,28,407,120,240,1,5.167,10.350,0.000
390,-1,724,110,56,157,1,17.500,11.850,0.000
390,-1,739,105,55,155,1,17.833,11.850,0.000
390,-1,457,173,66,173,1,13.500,12.750,0.000
391,-1,1749,388,111,249,1,10.833,-1.650,0.000
391,-1,1677,420,107,257,1,9.833,-1.350,0.000
391,-1,1531,318,84,225,1,12.167,0.450,0.000
391,-1,1541,308,84,222,1,12.500,0.450,0.000
391,-1,1485,324,83,226,1,11.833,0.750,0.000
391,-1,715,122,57,160,1,16.833,11.550,0.000
391,-1,421,195,70,179,1,12.500,12.450,0.000
392,-1,1759,376,111,246,1,11.167,-1.650,0.000
392,-1,1698,396,106,250,1,10.500,-1.350,0.000
392,-1,1719,372,106,244,1,11.167,-1.350,0.000
392,-1,1519,328,85,228,1,11.833,0.450,0.000
392,-1,1451,320,81,225,1,11.833,1.050,0.000
392,-1,705,135,58,164,1,16.167,11.250,0.000
392,-1,380,208,73,182,1,11.833,12.450,0.000
393,-1,1749,388,111,249,1,10.833,-1.650,0.000
393,-1,1709,384,106,247,1,10.833,-1.350,0.000
393,-1,1719,372,106,244,1,11.167,-1.350,0.000
393,-1,1508,338,85,231,1,11.500,0.450,0.000
393,-1,1439,330,81,228,1,11.500,1.050,0.000
393,-1,673,146,60,167,1,15.500,11.250,0.000
393,-1,715,122,57,160,1,16.833,11.550,0.000
393,-1,337,222,76,186,1,11.167,12.450,0.000
394,-1,1759,376,111,246,1,11.167,-1.650,0.000
394,-1,1709,384,106,247,1,10.833,-1.350,0.000
394,-1,1669,380,102,245,1,10.833,-1.050,0.000
394,-1,1496,348,86,234,1,11.167,0.450,0.000
394,-1,1414,351,83,234,1,10.833,1.050,0.000
394,-1,1071,1,41,127,1,26.500,11.550,0.000
394,-1,724,110,56,157,1,17.500,11.850,0.000
394,-1,1063,-2,41,125,1,26.833,11.850,0.000
394,-1,640,130,59,162,1,16.167,12.150,0.000
394,-1,293,237,79,190,1,10.500,12.450,0.000
395,-1,1759,376,111,246,1,11.167,-1.650,0.000
395,-1,1719,372,106,244,1,11.167,-1.350,0.000
395,-1,1484,359,87,237,1,10.833,0.450,0.000
395,-1,1393,336,80,230,1,11.167,1.350,0.000
395,-1,1051,8,42,129,1,25.833,11.550,0.000
395,-1,612,149,61,167,1,15.167,11.850,0.000
395,-1,724,110,56,157,1,17.500,11.850,0.000
395,-1,1043,3,42,127,1,26.167,11.850,0.000
395,-1,245,231,81,188,1,10.500,13.050,0.000
396,-1,1759,376,111,246,1,11.167,-1.650,0.000
396,-1,1679,368,101,242,1,11.167,-1.050,0.000
396,-1,1631,376,98,243,1,10.833,-0.750,0.000
396,-1,1484,359,87,237,1,10.833,0.450,0.000
396,-1,1393,336,80,230,1,11.167,1.350,0.000
396,-1,582,168,63,173,1,14.167,11.550,0.000
396,-1,1031,15,43,130,1,25.167,11.550,0.000
396,-1,724,110,56,157,1,17.500,11.850,0.000
396,-1,1023,10,43,129,1,25.500,11.850,0.000
396,-1,195,267,89,199,1,9.167,12.450,0.000
397,-1,1759,376,111,246,1,11.167,-1.650,0.000
397,-1,1679,368,101,242,1,11.167,-1.050,0.000
397,-1,1484,359,87,237,1,10.833,0.450,0.000
397,-1,1380,346,81,233,1,10.833,1.350,0.000
397,-1,1099,0,41,126,1,26.833,11.250,0.000
397,-1,564,175,64,175,1,13.833,11.550,0.000
397,-1,724,110,56,157,1,17.500,11.850,0.000
397,-1,1002,17,44,131,1,24.833,11.850,0.000
397,-1,1012,14,43,130,1,25.167,11.850,0.000
398,-1,1756,328,105,232,1,12.500,-1.350,0.000
398,-1,1659,391,102,248,1,10.500,-1.050,0.000
398,-1,1609,399,99,249,1,10.167,-0.750,0.000
398,-1,1484,359,87,237,1,10.833,0.450,0.000
398,-1,1366,357,82,236,1,10.500,1.350,0.000
398,-1,846,498,95,275,1,5.833,3.450,0.000
398,-1,62,573,136,289,1,2.500,7.350,0.000
398,-1,57,429,119,246,1,4.833,9.750,0.000
398,-1,1079,13,42,131,1,25.500,10.950,0.000
398,-1,73,352,108,224,1,6.500,11.250,0.000
398,-1,528,188,66,178,1,13.167,11.550,0.000
398,-1,715,122,57,160,1,16.833,11.550,0.000
398,-1,980,24,44,133,1,24.167,11.850,0.000
398,-1,972,19,44,131,1,24.500,12.150,0.000
399,-1,1765,318,105,230,1,12.833,-1.350,0.000
399,-1,1648,403,102,251,1,10.167,-1.050,0.000
399,-1,1586,424,100,256,1,9.500,-0.750,0.000
399,-1,1472,370,87,240,1,10.500,0.450,0.000
399,-1,1366,357,82,236,1,10.500,1.350,0.000
399,-1,901,525,96,283,1,5.500,2.850,0.000
399,-1,107,535,127,277,1,3.167,7.650,0.000
399,-1,1047,32,45,136,1,23.833,10.650,0.000
399,-1,497,220,71,187,1,11.833,10.950,0.000
399,-1,73,352,108,224,1,6.500,11.250,0.000
399,-1,958,31,45,135,1,23.500,11.850,0.000
399,-1,718,104,55,155,1,17.833,12.150,0.000
399,-1,950,27,45,133,1,23.833,12.150,0.000
400,-1,1765,318,105,230,1,12.833,-1.350,0.000
400,-1,1648,403,102,251,1,10.167,-1.050,0.000
400,-1,1586,424,100,256,1,9.500,-0.750,0.000
400,-1,1459,381,88,243,1,10.167,0.450,0.000
400,-1,1352,368,82,239,1,10.167,1.350,0.000
400,-1,955,461,89,266,1,6.833,3.150,0.000
400,-1,147,500,119,266,1,3.833,7.950,0.000
400,-1,149,480,117,260,1,4.167,8.250,0.000
400,-1,160,379,104,231,1,6.167,10.050,0.000
400,-1,1017,35,45,137,1,23.500,10.950,0.000
400,-1,470,208,70,183,1,12.167,11.550,0.000
400,-1,715,122,57,160,1,16.833,11.550,0.000
400,-1,935,39,46,137,1,22.833,11.850,0.000
401,-1,1644,460,109,268,1,8.833,-1.350,0.000
401,-1,1590,469,105,269,1,8.500,-1.050,0.000
401,-1,1763,276,100,218,1,14.167,-1.050,0.000
401,-1,1457,421,92,255,1,9.167,0.150,0.000
401,-1,1338,379,83,243,1,9.833,1.350,0.000
401,-1,1014,452,86,264,1,7.167,2.850,0.000
401,-1,216,454,109,253,1,4.833,8.250,0.000
401,-1,219,358,97,225,1,6.833,10.050,0.000
401,-1,429,222,73,187,1,11.500,11.550,0.000
401,-1,988,29,45,134,1,23.833,11.550,0.000
401,-1,912,47,47,139,1,22.167,11.850,0.000
401,-1,718,104,55,155,1,17.833,12.150,0.000
402,-1,1632,474,109,271,1,8.500,-1.350,0.000
402,-1,1590,469,105,269,1,8.500,-1.050,0.000
402,-1,1763,276,100,218,1,14.167,-1.050,0.000
402,-1,1433,404,89,250,1,9.500,0.450,0.000
402,-1,1332,353,80,235,1,10.500,1.650,0.000
402,-1,1035,439,84,260,1,7.500,2.850,0.000
402,-1,278,429,103,246,1,5.500,8.250,0.000
402,-1,277,412,101,241,1,5.833,8.550,0.000
402,-1,247,335,93,218,1,7.500,10.350,0.000
402,-1,389,247,77,194,1,10.500,11.250,0.000
402,-1,940,53,48,141,1,21.833,11.250,0.000
402,-1,718,104,55,155,1,17.833,12.150,0.000
402,-1,892,46,47,139,1,22.167,12.150,0.000
403,-1,1632,474,109,271,1,8.500,-1.350,0.000
403,-1,1577,483,106,273,1,8.167,-1.050,0.000
403,-1,1752,247,96,210,1,15.167,-0.750,0.000
403,-1,1405,429,91,257,1,8.833,0.450,0.000
403,-1,1324,390,84,246,1,9.500,1.350,0.000
403,-1,1073,444,84,262,1,7.500,2.550,0.000
403,-1,336,405,97,240,1,6.167,8.250,0.000
403,-1,334,389,95,235,1,6.500,8.550,0.000
403,-1,332,374,94,231,1,6.833,8.850,0.000
403,-1,326,319,87,214,1,8.167,10.050,0.000
403,-1,324,307,86,211,1,8.500,10.350,0.000
403,-1,322,283,83,204,1,9.167,10.950,0.000
403,-1,903,66,49,145,1,20.833,11.250,0.000
403,-1,715,122,57,160,1,16.833,11.550,0.000
403,-1,875,59,49,143,1,21.167,11.850,0.000
404,-1,1620,488,110,275,1,8.167,-1.350,0.000
404,-1,1551,512,108,281,1,7.500,-1.050,0.000
404,-1,1761,239,96,208,1,15.500,-0.750,0.000
404,-1,1391,442,92,261,1,8.500,0.450,0.000
404,-1,1309,402,85,249,1,9.167,1.350,0.000
404,-1,1093,431,83,258,1,7.833,2.550,0.000
404,-1,402,448,100,253,1,5.500,7.050,0.000
404,-1,322,283,83,204,1,9.167,10.950,0.000
404,-1,345,274,81,201,1,9.500,10.950,0.000
404,-1,709,115,56,158,1,17.167,11.850,0.000
404,-1,855,58,49,142,1,21.167,12.150,0.000
405,-1,1607,503,111,280,1,7.833,-1.350,0.000
405,-1,1537,528,109,286,1,7.167,-1.050,0.000
405,-1,1761,239,96,208,1,15.500,-0.750,0.000
405,-1,1367,424,89,256,1,8.833,0.750,0.000
405,-1,1293,414,85,253,1,8.833,1.350,0.000
405,-1,1112,419,81,255,1,8.167,2.550,0.000
405,-1,441,360,89,228,1,7.500,8.250,0.000
405,-1,1230,0,42,128,1,27.500,9.450,0.000
405,-1,399,292,81,207,1,9.167,10.050,0.000
405,-1,271,276,85,202,1,9.167,11.550,0.000
405,-1,844,78,51,148,1,19.833,11.550,0.000
405,-1,709,115,56,158,1,17.167,11.850,0.000
405,-1,829,66,50,144,1,20.500,12.150,0.000
406,-1,1600,574,118,300,1,6.500,-1.650,0.000
406,-1,1523,544,110,290,1,6.833,-1.050,0.000
406,-1,1751,212,92,200,1,16.500,-0.450,0.000
406,-1,1337,450,91,263,1,8.167,0.750,0.000
406,-1,1277,426,86,257,1,8.500,1.350,0.000
406,-1,1131,407,80,251,1,8.500,2.550,0.000
406,-1,495,354,86,228,1,7.833,7.950,0.000
406,-1,1211,-1,41,127,1,27.500,9.750,0.000
406,-1,438,253,76,196,1,10.500,10.650,0.000
406,-1,810,98,54,154,1,18.500,11.250,0.000
406,-1,220,293,90,206,1,8.500,11.550,0.000
406,-1,803,92,53,152,1,18.833,11.550,0.000
406,-1,709,115,56,158,1,17.167,11.850,0.000
407,-1,1600,574,118,300,1,6.500,-1.650,0.000
407,-1,1493,577,112,300,1,6.167,-1.050,0.000
407,-1,1751,212,92,200,1,16.500,-0.450,0.000
407,-1,1299,444,89,262,1,8.167,1.050,0.000
407,-1,1315,432,88,258,1,8.500,1.050,0.000
407,-1,1261,439,87,260,1,8.167,1.350,0.000
407,-1,1131,407,80,251,1,8.500,2.550,0.000
407,-1,529,372,88,234,1,7.500,7.350,0.000
407,-1,1202,1,41,128,1,27.167,9.750,0.000
407,-1,456,235,73,191,1,11.167,10.950,0.000
407,-1,193,314,94,212,1,7.833,11.250,0.000
407,-1,709,115,56,158,1,17.167,11.850,0.000
407,-1,775,84,52,149,1,19.167,12.150,0.000
407,-1,789,80,52,148,1,19.500,12.150,0.000
408,-1,1571,610,121,310,1,5.833,-1.650,0.000
408,-1,1492,640,119,318,1,5.167,-1.350,0.000
408,-1,1742,188,89,193,1,17.500,-0.150,0.000
408,-1,1277,426,86,257,1,8.500,1.350,0.000
408,-1,1223,434,85,259,1,8.167,1.650,0.000
408,-1,1149,424,82,256,1,8.167,2.250,0.000
408,-1,559,376,88,235,1,7.500,7.050,0.000
408,-1,1187,24,43,135,1,25.167,9.150,0.000
408,-1,497,220,71,187,1,11.833,10.950,0.000
408,-1,136,333,101,218,1,7.167,11.250,0.000
408,-1,718,104,55,155,1,17.833,12.150,0.000
408,-1,775,84,52,149,1,19.167,12.150,0.000
409,-1,1556,629,122,316,1,5.500,-1.650,0.000
409,-1,1458,681,122,329,1,4.500,-1.350,0.000
409,-1,1792,206,97,200,1,16.833,-0.750,0.000
409,-1,1742,188,89,193,1,17.500,-0.150,0.000
409,-1,1240,421,85,255,1,8.500,1.650,0.000
409,-1,1168,442,85,261,1,7.833,1.950,0.000
409,-1,1149,424,82,256,1,8.167,2.250,0.000
409,-1,603,292,77,211,1,9.833,8.250,0.000
409,-1,1178,27,43,136,1,24.833,9.150,0.000
409,-1,73,352,108,224,1,6.500,11.250,0.000
409,-1,532,196,67,181,1,12.833,11.250,0.000
409,-1,703,109,56,156,1,17.500,12.150,0.000
409,-1,747,94,54,152,1,18.500,12.150,0.000
410,-1,1541,648,123,321,1,5.167,-1.650,0.000
410,-1,1422,724,125,341,1,3.833,-1.350,0.000
410,-1,1774,189,93,195,1,17.500,-0.450,0.000
410,-1,1782,182,93,194,1,17.833,-0.450,0.000
410,-1,1719,179,85,190,1,17.833,0.150,0.000
410,-1,1209,480,90,272,1,7.167,1.350,0.000
410,-1,1150,455,85,265,1,7.500,1.950,0.000
410,-1,1149,424,82,256,1,8.167,2.250,0.000
410,-1,638,263,74,203,1,10.833,8.550,0.000
410,-1,1158,35,44,138,1,24.167,9.150,0.000
410,-1,555,199,67,182,1,12.833,10.950,0.000
410,-1,40,361,113,227,1,6.167,11.250,0.000
410,-1,656,152,61,169,1,15.167,11.250,0.000
410,-1,709,115,56,158,1,17.167,11.850,0.000
410,-1,724,110,56,157,1,17.500,11.850,0.000
411,-1,1767,197,92,197,1,17.167,-0.450,0.000
411,-1,1711,157,82,184,1,18.833,0.450,0.000
411,-1,1171,509,92,280,1,6.500,1.350,0.000
411,-1,1151,489,89,274,1,6.833,1.650,0.000
411,-1,1111,483,88,273,1,6.833,1.950,0.000
411,-1,678,247,71,199,1,11.500,8.550,0.000
411,-1,1138,43,45,140,1,23.500,9.150,0.000
411,-1,689,140,59,166,1,15.833,11.250,0.000
411,-1,705,135,58,164,1,16.167,11.250,0.000
411,-1,683,133,58,163,1,16.167,11.550,0.000
411,-1,590,147,61,166,1,15.167,12.150,0.000
412,-1,1742,188,89,193,1,17.500,-0.150,0.000
412,-1,1697,143,79,179,1,19.500,0.750,0.000
412,-1,1131,503,90,278,1,6.500,1.650,0.000
412,-1,1050,492,89,275,1,6.500,2.250,0.000
412,-1,708,221,68,191,1,12.500,8.850,0.000
412,-1,701,212,67,188,1,12.833,9.150,0.000
412,-1,1117,50,46,142,1,22.833,9.150,0.000
412,-1,702,155,61,171,1,15.167,10.650,0.000
412,-1,718,150,60,169,1,15.500,10.650,0.000
412,-1,629,143,60,166,1,15.500,11.850,0.000
412,-1,573,153,62,168,1,14.833,12.150,0.000
412,-1,624,135,59,163,1,15.833,12.150,0.000
413,-1,1726,172,85,188,1,18.167,0.150,0.000
413,-1,1682,156,79,182,1,18.833,0.750,0.000
413,-1,1089,534,93,287,1,5.833,1.650,0.000
413,-1,1131,503,90,278,1,6.500,1.650,0.000
413,-1,993,466,88,268,1,6.833,2.850,0.000
413,-1,291,727,139,333,1,1.167,4.350,0.000
413,-1,726,214,67,189,1,12.833,8.850,0.000
413,-1,1096,49,46,141,1,22.833,9.450,0.000
413,-1,725,157,61,171,1,15.167,10.350,0.000
413,-1,651,144,60,166,1,15.500,11.550,0.000
413,-1,624,135,59,163,1,15.833,12.150,0.000
413,-1,516,163,64,170,1,14.167,12.450,0.000
414,-1,1801,132,90,182,1,20.167,-0.150,0.000
414,-1,1719,151,82,182,1,19.167,0.450,0.000
414,-1,1697,143,79,179,1,19.500,0.750,0.000
414,-1,1676,136,76,176,1,19.833,1.050,0.000
414,-1,1067,551,94,291,1,5.500,1.650,0.000
414,-1,1131,407,80,251,1,8.500,2.550,0.000
414,-1,955,461,89,266,1,6.833,3.150,0.000
414,-1,328,676,131,318,1,1.833,4.650,0.000
414,-1,744,207,66,187,1,13.167,8.850,0.000
414,-1,1085,63,47,146,1,21.833,9.150,0.000
414,-1,718,150,60,169,1,15.500,10.650,0.000
414,-1,689,140,59,166,1,15.833,11.250,0.000
414,-1,590,147,61,166,1,15.167,12.150,0.000
414,-1,607,141,60,165,1,15.500,12.150,0.000
414,-1,476,167,65,171,1,13.833,12.750,0.000
415,-1,1794,139,90,183,1,19.833,-0.150,0.000
415,-1,1726,144,82,181,1,19.500,0.450,0.000
415,-1,1664,123,74,172,1,20.500,1.350,0.000
415,-1,1020,585,98,300,1,4.833,1.650,0.000
415,-1,1149,424,82,256,1,8.167,2.250,0.000
415,-1,909,489,93,273,1,6.167,3.150,0.000
415,-1,365,656,128,312,1,2.167,4.650,0.000
415,-1,770,209,66,188,1,13.167,8.550,0.000
415,-1,1062,71,48,148,1,21.167,9.150,0.000
415,-1,721,129,58,163,1,16.500,11.250,0.000
415,-1,423,204,71,181,1,12.167,12.150,0.000
415,-1,573,153,62,168,1,14.833,12.150,0.000
415,-1,569,145,61,166,1,15.167,12.450,0.000
416,-1,1780,152,90,186,1,19.167,-0.150,0.000
416,-1,1787,145,90,184,1,19.500,-0.150,0.000
416,-1,1749,152,86,184,1,19.167,0.150,0.000
416,-1,1756,145,86,183,1,19.500,0.150,0.000
416,-1,1659,104,72,167,1,21.500,1.650,0.000
416,-1,976,578,99,298,1,4.833,1.950,0.000
416,-1,1149,424,82,256,1,8.167,2.250,0.000
416,-1,861,519,97,281,1,5.500,3.150,0.000
416,-1,396,612,121,299,1,2.833,4.950,0.000
416,-1,812,180,62,180,1,14.500,8.850,0.000
416,-1,1039,80,50,151,1,20.500,9.150,0.000
416,-1,730,117,56,159,1,17.167,11.550,0.000
416,-1,745,112,56,158,1,17.500,11.550,0.000
416,-1,538,165,64,171,1,14.167,12.150,0.000
416,-1,380,208,73,182,1,11.833,12.450,0.000
417,-1,1780,152,90,186,1,19.167,-0.150,0.000
417,-1,1763,138,86,181,1,19.833,0.150,0.000
417,-1,1651,110,71,168,1,21.167,1.650,0.000
417,-1,908,588,102,300,1,4.500,2.250,0.000
417,-1,1149,424,82,256,1,8.167,2.250,0.000
417,-1,821,513,98,279,1,5.500,3.450,0.000
417,-1,462,577,115,291,1,3.500,4.950,0.000
417,-1,848,216,66,191,1,13.167,7.650,0.000
417,-1,1027,85,50,152,1,20.167,9.150,0.000
417,-1,781,108,55,157,1,17.833,11.250,0.000
417,-1,730,117,56,159,1,17.167,11.550,0.000
417,-1,501,177,66,174,1,13.500,12.150,0.000
417,-1,337,222,76,186,1,11.167,12.450,0.000
418,-1,1787,145,90,184,1,19.500,-0.150,0.000
418,-1,1794,139,90,183,1,19.833,-0.150,0.000
418,-1,1808,125,91,180,1,20.500,-0.150,0.000
418,-1,1647,92,69,164,1,22.167,1.950,0.000
418,-1,1149,424,82,256,1,8.167,2.250,0.000
418,-1,839,599,106,302,1,4.167,2.550,0.000
418,-1,769,544,103,287,1,4.833,3.450,0.000
418,-1,487,538,109,280,1,4.167,5.250,0.000
418,-1,884,163,60,175,1,15.500,8.550,0.000
418,-1,1003,94,51,155,1,19.500,9.150,0.000
418,-1,817,104,54,156,1,18.167,10.950,0.000
418,-1,724,110,56,157,1,17.500,11.850,0.000
418,-1,482,184,67,176,1,13.167,12.150,0.000
418,-1,479,175,66,174,1,13.500,12.450,0.000
418,-1,291,217,77,184,1,11.167,13.050,0.000
419,-1,1774,189,93,195,1,17.500,-0.450,0.000
419,-1,1808,125,91,180,1,20.500,-0.150,0.000
419,-1,1647,92,69,164,1,22.167,1.950,0.000
419,-1,1149,424,82,256,1,8.167,2.250,0.000
419,-1,796,592,107,300,1,4.167,2.850,0.000
419,-1,714,577,108,295,1,4.167,3.450,0.000
419,-1,517,522,107,277,1,4.500,5.250,0.000
419,-1,924,159,59,174,1,15.833,8.250,0.000
419,-1,970,128,55,165,1,17.500,8.550,0.000
419,-1,838,88,52,151,1,19.167,11.250,0.000
419,-1,426,213,72,184,1,11.833,11.850,0.000
419,-1,724,110,56,157,1,17.500,11.850,0.000
419,-1,246,262,85,197,1,9.500,12.150,0.000
420,-1,1614,707,134,343,1,4.500,-2.250,0.000
420,-1,1751,212,92,200,1,16.500,-0.450,0.000
420,-1,1808,125,91,180,1,20.500,-0.150,0.000
420,-1,1650,71,68,158,1,23.500,2.250,0.000
420,-1,1131,407,80,251,1,8.500,2.550,0.000
420,-1,726,602,110,301,1,3.833,3.150,0.000
420,-1,617,519,104,278,1,4.833,4.650,0.000
420,-1,573,493,102,269,1,5.167,5.250,0.000
420,-1,953,147,57,171,1,16.500,8.250,0.000
420,-1,384,227,74,188,1,11.167,11.850,0.000
420,-1,724,110,56,157,1,17.500,11.850,0.000
421,-1,1629,686,133,336,1,4.833,-2.250,0.000
421,-1,1525,668,124,327,1,4.833,-1.650,0.000
421,-1,1742,188,89,193,1,17.500,-0.150,0.000
421,-1,1801,132,90,182,1,20.167,-0.150,0.000
421,-1,1650,71,68,158,1,23.500,2.250,0.000
421,-1,1131,407,80,251,1,8.500,2.550,0.000
421,-1,656,613,114,303,1,3.500,3.450,0.000
421,-1,597,557,109,288,1,4.167,4.350,0.000
421,-1,581,513,104,275,1,4.833,4.950,0.000
421,-1,967,141,57,169,1,16.833,8.250,0.000
421,-1,933,132,56,166,1,17.167,8.850,0.000
421,-1,895,60,49,143,1,21.167,11.550,0.000
421,-1,724,110,56,157,1,17.500,11.850,0.000
421,-1,114,291,98,206,1,8.167,12.450,0.000
421,-1,359,215,74,184,1,11.500,12.450,0.000
421,-1,755,83,52,149,1,19.167,12.450,0.000
422,-1,1644,665,132,330,1,5.167,-2.250,0.000
422,-1,1541,648,123,321,1,5.167,-1.650,0.000
422,-1,1718,245,92,208,1,15.167,-0.450,0.000
422,-1,1794,139,90,183,1,19.833,-0.150,0.000
422,-1,1657,66,68,157,1,23.833,2.250,0.000
422,-1,1131,407,80,251,1,8.500,2.550,0.000
422,-1,576,598,114,298,1,3.500,4.050,0.000
422,-1,537,591,114,296,1,3.500,4.350,0.000
422,-1,597,557,109,288,1,4.167,4.350,0.000
422,-1,609,498,102,272,1,5.167,4.950,0.000
422,-1,1002,151,57,172,1,16.500,7.650,0.000
422,-1,44,483,127,262,1,3.833,8.850,0.000
422,-1,904,143,57,169,1,16.500,8.850,0.000
422,-1,910,99,53,155,1,18.833,10.050,0.000
422,-1,47,334,109,219,1,6.833,11.850,0.000
422,-1,318,250,80,194,1,10.167,11.850,0.000
422,-1,747,94,54,152,1,18.500,12.150,0.000
422,-1,726,92,54,151,1,18.500,12.450,0.000
423,-1,1644,665,132,330,1,5.167,-2.250,0.000
423,-1,1576,677,128,331,1,4.833,-1.950,0.000
423,-1,1804,160,94,189,1,18.833,-0.450,0.000
423,-1,1694,235,88,204,1,15.500,-0.150,0.000
423,-1,1671,56,68,155,1,24.500,2.250,0.000
423,-1,1131,407,80,251,1,8.500,2.550,0.000
423,-1,545,616,117,302,1,3.167,4.050,0.000
423,-1,493,560,112,287,1,3.833,4.950,0.000
423,-1,636,416,91,249,1,6.833,5.850,0.000
423,-1,1020,119,54,163,1,18.167,8.250,0.000
423,-1,875,155,59,172,1,15.833,8.850,0.000
423,-1,86,451,119,252,1,4.500,9.150,0.000
423,-1,40,361,113,227,1,6.167,11.250,0.000
423,-1,931,48,47,140,1,22.167,11.550,0.000
423,-1,270,265,84,198,1,9.500,11.850,0.000
423,-1,270,255,83,195,1,9.833,12.150,0.000
423,-1,720,86,53,149,1,18.833,12.750,0.000
424,-1,1671,625,130,318,1,5.833,-2.250,0.000
424,-1,1591,656,127,325,1,5.167,-1.950,0.000
424,-1,1780,152,90,186,1,19.167,-0.150,0.000
424,-1,1680,185,82,190,1,17.500,0.450,0.000
424,-1,1682,66,70,158,1,23.833,1.950,0.000
424,-1,1131,407,80,251,1,8.500,2.550,0.000
424,-1,473,627,121,304,1,2.833,4.350,0.000
424,-1,434,619,121,302,1,2.833,4.650,0.000
424,-1,430,594,118,295,1,3.167,4.950,0.000
424,-1,676,377,86,238,1,7.833,6.150,0.000
424,-1,853,175,61,179,1,14.833,8.550,0.000
424,-1,1035,102,52,157,1,19.167,8.550,0.000
424,-1,155,427,110,245,1,5.167,9.150,0.000
424,-1,126,405,110,239,1,5.500,9.750,0.000
424,-1,220,282,88,203,1,8.833,11.850,0.000
424,-1,950,27,45,133,1,23.833,12.150,0.000
424,-1,712,97,54,153,1,18.167,12.450,0.000
424,-1,706,91,54,151,1,18.500,12.750,0.000
425,-1,1671,625,130,318,1,5.833,-2.250,0.000
425,-1,1606,636,126,320,1,5.500,-1.950,0.000
425,-1,1774,189,93,195,1,17.500,-0.450,0.000
425,-1,1658,269,88,213,1,14.167,-0.150,0.000
425,-1,1690,41,69,152,1,25.500,2.250,0.000
425,-1,1131,407,80,251,1,8.500,2.550,0.000
425,-1,400,637,124,307,1,2.500,4.650,0.000
425,-1,359,604,121,297,1,2.833,5.250,0.000
425,-1,699,366,84,235,1,8.167,6.150,0.000
425,-1,1070,99,51,157,1,19.500,8.250,0.000
425,-1,821,188,63,182,1,14.167,8.550,0.000
425,-1,188,399,104,237,1,5.833,9.450,0.000
425,-1,189,383,102,232,1,6.167,9.750,0.000
425,-1,162,350,100,223,1,6.833,10.650,0.000
425,-1,164,337,99,219,1,7.167,10.950,0.000
425,-1,721,129,58,163,1,16.500,11.250,0.000
425,-1,167,298,94,208,1,8.167,11.850,0.000
425,-1,961,23,44,132,1,24.167,12.150,0.000
426,-1,1684,606,129,313,1,6.167,-2.250,0.000
426,-1,1600,574,118,300,1,6.500,-1.650,0.000
426,-1,1759,205,92,198,1,16.833,-0.450,0.000
426,-1,1640,287,89,217,1,13.500,-0.150,0.000
426,-1,1149,424,82,256,1,8.167,2.250,0.000
426,-1,365,656,128,312,1,2.167,4.650,0.000
426,-1,752,359,83,234,1,8.500,5.850,0.000
426,-1,284,566,120,286,1,3.167,6.150,0.000
426,-1,777,247,70,200,1,11.833,7.650,0.000
426,-1,1082,94,51,155,1,19.833,8.250,0.000
426,-1,218,388,101,233,1,6.167,9.450,0.000
426,-1,728,136,58,165,1,16.167,10.950,0.000
426,-1,166,311,96,211,1,7.833,11.550,0.000
426,-1,972,19,44,131,1,24.500,12.150,0.000
427,-1,1660,564,122,299,1,6.833,-1.950,0.000
427,-1,1673,547,121,294,1,7.167,-1.950,0.000
427,-1,1626,541,117,291,1,7.167,-1.650,0.000
427,-1,1615,350,93,235,1,11.500,-0.450,0.000
427,-1,1734,195,88,195,1,17.167,-0.150,0.000
427,-1,249,633,130,305,1,2.167,5.550,0.000
427,-1,764,334,80,227,1,9.167,6.150,0.000
427,-1,766,298,76,216,1,10.167,6.750,0.000
427,-1,1105,96,50,156,1,19.833,7.950,0.000
427,-1,247,362,96,226,1,6.833,9.750,0.000
427,-1,247,348,95,222,1,7.167,10.050,0.000
427,-1,734,144,59,167,1,15.833,10.650,0.000
427,-1,79,325,105,216,1,7.167,11.850,0.000
427,-1,996,5,42,127,1,25.833,12.450,0.000
427,-1,581,132,59,162,1,15.833,12.750,0.000
428,-1,1660,564,122,299,1,6.833,-1.950,0.000
428,-1,1673,547,121,294,1,7.167,-1.950,0.000
428,-1,1589,335,90,231,1,11.833,-0.150,0.000
428,-1,1726,203,88,197,1,16.833,-0.150,0.000
428,-1,171,644,136,309,1,1.833,5.850,0.000
428,-1,775,311,77,220,1,9.833,6.450,0.000
428,-1,1117,81,49,151,1,20.833,8.250,0.000
428,-1,1128,76,48,150,1,21.167,8.250,0.000
428,-1,734,224,68,192,1,12.500,8.550,0.000
428,-1,53,446,122,251,1,4.500,9.450,0.000
428,-1,300,329,90,217,1,7.833,10.050,0.000
428,-1,732,165,62,174,1,14.833,10.050,0.000
428,-1,299,316,88,213,1,8.167,10.350,0.000
428,-1,734,144,59,167,1,15.833,10.650,0.000
428,-1,44,347,111,223,1,6.500,11.550,0.000
428,-1,569,145,61,166,1,15.167,12.450,0.000
429,-1,1685,531,121,290,1,7.500,-1.950,0.000
429,-1,1710,219,88,200,1,16.167,-0.150,0.000
429,-1,1565,322,87,226,1,12.167,0.150,0.000
429,-1,128,663,141,316,1,1.500,5.850,0.000
429,-1,815,292,74,215,1,10.500,6.450,0.000
429,-1,1150,67,47,147,1,21.833,8.250,0.000
429,-1,1128,66,47,147,1,21.833,8.550,0.000
429,-1,690,229,69,193,1,12.167,8.850,0.000
429,-1,57,429,119,246,1,4.833,9.750,0.000
429,-1,324,307,86,211,1,8.500,10.350,0.000
429,-1,5,371,118,231,1,5.833,11.250,0.000
429,-1,752,118,56,160,1,17.167,11.250,0.000
429,-1,530,149,62,166,1,14.833,12.750,0.000
430,-1,1685,531,121,290,1,7.500,-1.950,0.000
430,-1,1710,254,92,210,1,14.833,-0.450,0.000
430,-1,1545,379,92,243,1,10.500,-0.150,0.000
430,-1,1149,424,82,256,1,8.167,2.250,0.000
430,-1,83,684,147,324,1,1.167,5.850,0.000
430,-1,845,296,74,216,1,10.500,6.150,0.000
430,-1,67,550,133,282,1,2.833,7.650,0.000
430,-1,1150,67,47,147,1,21.833,8.250,0.000
430,-1,1171,59,46,145,1,22.500,8.250,0.000
430,-1,1264,20,44,134,1,25.833,8.250,0.000
430,-1,658,255,72,201,1,11.167,8.550,0.000
430,-1,86,451,119,252,1,4.500,9.150,0.000
430,-1,89,434,116,247,1,4.833,9.450,0.000
430,-1,349,298,84,208,1,8.833,10.350,0.000
430,-1,781,127,57,163,1,16.833,10.650,0.000
430,-1,656,152,61,169,1,15.167,11.250,0.000
430,-1,494,161,64,170,1,14.167,12.750,0.000
431,-1,1720,485,119,277,1,8.500,-1.950,0.000
431,-1,1701,262,92,212,1,14.500,-0.450,0.000
431,-1,1521,402,93,249,1,9.833,-0.150,0.000
431,-1,1149,424,82,256,1,8.167,2.250,0.000
431,-1,-2,668,154,322,1,1.167,6.450,0.000
431,-1,871,266,71,207,1,11.500,6.450,0.000
431,-1,1182,65,47,147,1,22.167,7.950,0.000
431,-1,1171,59,46,145,1,22.500,8.250,0.000
431,-1,1247,27,45,136,1,25.167,8.250,0.000
431,-1,618,271,75,205,1,10.500,8.550,0.000
431,-1,160,379,104,231,1,6.167,10.050,0.000
431,-1,811,136,58,166,1,16.500,10.050,0.000
431,-1,396,280,80,204,1,9.500,10.350,0.000
431,-1,460,182,67,175,1,13.167,12.450,0.000
432,-1,1741,457,118,269,1,9.167,-1.950,0.000
432,-1,1692,271,92,214,1,14.167,-0.450,0.000
432,-1,1496,385,90,244,1,10.167,0.150,0.000
432,-1,1149,424,82,256,1,8.167,2.250,0.000
432,-1,889,258,70,205,1,11.833,6.450,0.000
432,-1,1192,60,47,146,1,22.500,7.950,0.000
432,-1,1181,55,46,144,1,22.833,8.250,0.000
432,-1,576,289,77,210,1,9.833,8.550,0.000
432,-1,1227,26,44,136,1,25.167,8.550,0.000
432,-1,190,368,101,228,1,6.500,10.050,0.000
432,-1,833,118,55,160,1,17.500,10.350,0.000
432,-1,416,261,77,198,1,10.167,10.650,0.000
432,-1,423,204,71,181,1,12.167,12.150,0.000
432,-1,421,195,70,179,1,12.500,12.450,0.000
433,-1,1741,457,118,269,1,9.167,-1.950,0.000
433,-1,1683,280,92,217,1,13.833,-0.450,0.000
433,-1,1482,439,96,260,1,8.833,-0.150,0.000
433,-1,1149,424,82,256,1,8.167,2.250,0.000
433,-1,913,231,67,197,1,12.833,6.750,0.000
433,-1,1212,52,46,143,1,23.167,7.950,0.000
433,-1,532,307,80,214,1,9.167,8.550,0.000
433,-1,1189,41,45,140,1,23.833,8.550,0.000
433,-1,60,412,117,241,1,5.167,10.050,0.000
433,-1,247,348,95,222,1,7.167,10.050,0.000
433,-1,861,108,54,158,1,18.167,10.350,0.000
433,-1,456,235,73,191,1,11.167,10.950,0.000
433,-1,380,208,73,182,1,11.833,12.450,0.000
434,-1,1762,430,117,262,1,9.833,-1.950,0.000
434,-1,1665,299,92,222,1,13.167,-0.450,0.000
434,-1,1454,466,97,268,1,8.167,-0.150,0.000
434,-1,1131,407,80,251,1,8.500,2.550,0.000
434,-1,929,224,66,195,1,13.167,6.750,0.000
434,-1,1191,51,46,143,1,23.167,8.250,0.000
434,-1,1219,39,45,139,1,24.167,8.250,0.000
434,-1,486,326,83,219,1,8.500,8.550,0.000
434,-1,482,313,82,215,1,8.833,8.850,0.000
434,-1,126,405,110,239,1,5.500,9.750,0.000
434,-1,273,325,90,216,1,7.833,10.350,0.000
434,-1,484,247,74,195,1,10.833,10.350,0.000
434,-1,480,237,73,192,1,11.167,10.650,0.000
434,-1,880,91,52,153,1,19.167,10.650,0.000
434,-1,320,271,82,200,1,9.500,11.250,0.000
435,-1,1762,430,117,262,1,9.833,-1.950,0.000
435,-1,1665,299,92,222,1,13.167,-0.450,0.000
435,-1,1440,480,98,272,1,7.833,-0.150,0.000
435,-1,1131,407,80,251,1,8.500,2.550,0.000
435,-1,961,209,64,190,1,13.833,6.750,0.000
435,-1,1221,48,46,142,1,23.500,7.950,0.000
435,-1,441,360,89,228,1,7.500,8.250,0.000
435,-1,1200,47,46,142,1,23.500,8.250,0.000
435,-1,1170,49,45,142,1,23.167,8.550,0.000
435,-1,1180,45,45,141,1,23.500,8.550,0.000
435,-1,160,379,104,231,1,6.167,10.050,0.000
435,-1,298,303,87,210,1,8.500,10.650,0.000
435,-1,906,82,51,150,1,19.833,10.650,0.000
435,-1,517,212,69,185,1,12.167,10.950,0.000
435,-1,513,203,68,183,1,12.500,11.250,0.000
435,-1,292,227,78,187,1,10.833,12.750,0.000
435,-1,784,30,47,133,1,22.833,14.250,0.000
436,-1,1772,417,117,258,1,10.167,-1.950,0.000
436,-1,1420,547,105,291,1,6.500,-0.450,0.000
436,-1,1674,290,92,219,1,13.500,-0.450,0.000
436,-1,1131,407,80,251,1,8.500,2.550,0.000
436,-1,977,202,63,188,1,14.167,6.750,0.000
436,-1,387,367,91,230,1,7.167,8.550,0.000
436,-1,1149,57,46,144,1,22.500,8.550,0.000
436,-1,353,322,87,216,1,8.167,9.750,0.000
436,-1,219,344,96,221,1,7.167,10.350,0.000
436,-1,928,83,51,151,1,19.833,10.350,0.000
436,-1,1,387,121,235,1,5.500,10.950,0.000
436,-1,551,190,66,179,1,13.167,11.250,0.000
436,-1,808,23,46,131,1,23.500,14.250,0.000
437,-1,1759,376,111,246,1,11.167,-1.650,0.000
437,-1,1700,302,96,223,1,13.167,-0.750,0.000
437,-1,1404,564,107,295,1,6.167,-0.450,0.000
437,-1,1131,407,80,251,1,8.500,2.550,0.000
437,-1,1007,189,61,184,1,14.833,6.750,0.000
437,-1,363,393,95,237,1,6.500,8.250,0.000
437,-1,359,363,91,228,1,7.167,8.850,0.000
437,-1,1128,56,46,144,1,22.500,8.850,0.000
437,-1,375,301,83,210,1,8.833,10.050,0.000
437,-1,1137,17,42,132,1,25.500,10.050,0.000
437,-1,219,331,94,217,1,7.500,10.650,0.000
437,-1,1137,1,41,127,1,26.833,10.650,0.000
437,-1,948,59,48,143,1,21.500,10.950,0.000
437,-1,73,352,108,224,1,6.500,11.250,0.000
437,-1,582,168,63,173,1,14.167,11.550,0.000
437,-1,578,160,63,170,1,14.500,11.850,0.000
437,-1,823,77,51,148,1,19.833,11.850,0.000
438,-1,1759,376,111,246,1,11.167,-1.650,0.000
438,-1,1397,625,113,312,1,5.167,-0.750,0.000
438,-1,1700,302,96,223,1,13.167,-0.750,0.000
438,-1,1131,407,80,251,1,8.500,2.550,0.000
438,-1,1036,176,59,180,1,15.500,6.750,0.000
438,-1,309,433,102,248,1,5.500,7.950,0.000
438,-1,1117,70,48,148,1,21.500,8.550,0.000
438,-1,275,366,95,228,1,6.833,9.450,0.000
438,-1,416,261,77,198,1,10.167,10.650,0.000
438,-1,134,346,102,222,1,6.833,10.950,0.000
438,-1,605,170,63,174,1,14.167,11.250,0.000
438,-1,844,78,51,148,1,19.833,11.550,0.000
438,-1,977,33,45,135,1,23.500,11.550,0.000
438,-1,969,28,45,134,1,23.833,11.850,0.000
439,-1,1759,376,111,246,1,11.167,-1.650,0.000
439,-1,1379,644,114,317,1,4.833,-0.750,0.000
439,-1,1736,265,96,214,1,14.500,-0.750,0.000
439,-1,1131,407,80,251,1,8.500,2.550,0.000
439,-1,1064,163,58,177,1,16.167,6.750,0.000
439,-1,1093,101,51,157,1,19.500,7.950,0.000
439,-1,248,441,106,249,1,5.167,8.250,0.000
439,-1,217,436,107,247,1,5.167,8.550,0.000
439,-1,300,329,90,217,1,7.833,10.050,0.000
439,-1,438,253,76,196,1,10.500,10.650,0.000
439,-1,137,320,99,214,1,7.500,11.550,0.000
439,-1,988,29,45,134,1,23.833,11.550,0.000
439,-1,139,307,97,210,1,7.833,11.850,0.000
439,-1,645,137,59,164,1,15.833,11.850,0.000
439,-1,112,303,99,210,1,7.833,12.150,0.000
439,-1,640,130,59,162,1,16.167,12.150,0.000
439,-1,860,49,48,139,1,21.833,12.450,0.000
440,-1,1768,364,111,243,1,11.500,-1.650,0.000
440,-1,1361,664,116,323,1,4.500,-0.750,0.000
440,-1,1149,424,82,256,1,8.167,2.250,0.000
440,-1,1078,144,55,171,1,17.167,7.050,0.000
440,-1,1068,123,54,164,1,18.167,7.650,0.000
440,-1,184,467,113,256,1,4.500,8.250,0.000
440,-1,347,286,83,205,1,9.167,10.650,0.000
440,-1,192,327,96,216,1,7.500,10.950,0.000
440,-1,476,227,72,189,1,11.500,10.950,0.000
440,-1,673,146,60,167,1,15.500,11.250,0.000
440,-1,1008,30,45,135,1,23.833,11.250,0.000
440,-1,51,321,107,215,1,7.167,12.150,0.000
440,-1,889,32,46,134,1,23.167,12.750,0.000
441,-1,1768,364,111,243,1,11.500,-1.650,0.000
441,-1,1301,729,120,340,1,3.500,-0.750,0.000
441,-1,1149,424,82,256,1,8.167,2.250,0.000
441,-1,1091,138,55,169,1,17.500,7.050,0.000
441,-1,1058,104,52,158,1,19.167,8.250,0.000
441,-1,79,488,124,263,1,3.833,8.550,0.000
441,-1,83,469,121,257,1,4.167,8.850,0.000
441,-1,49,464,124,256,1,4.167,9.150,0.000
441,-1,371,277,81,203,1,9.500,10.650,0.000
441,-1,501,229,72,190,1,11.500,10.650,0.000
441,-1,1026,40,46,138,1,23.167,10.650,0.000
441,-1,246,273,86,201,1,9.167,11.850,0.000
441,-1,709,115,56,158,1,17.167,11.850,0.000
441,-1,904,42,47,138,1,22.500,12.150,0.000
442,-1,1787,342,111,238,1,12.167,-1.650,0.000
442,-1,1149,424,82,256,1,8.167,2.250,0.000
442,-1,1116,127,53,166,1,18.167,7.050,0.000
442,-1,71,529,130,275,1,3.167,7.950,0.000
442,-1,1023,107,53,159,1,18.833,8.550,0.000
442,-1,49,464,124,256,1,4.167,9.150,0.000
442,-1,1041,70,49,147,1,21.167,9.450,0.000
442,-1,521,222,70,188,1,11.833,10.650,0.000
442,-1,1037,36,45,137,1,23.500,10.650,0.000
442,-1,413,250,76,195,1,10.500,10.950,0.000
442,-1,295,268,83,199,1,9.500,11.550,0.000
442,-1,732,99,54,153,1,18.167,12.150,0.000
442,-1,927,34,46,135,1,23.167,12.150,0.000
443,-1,1787,342,111,238,1,12.167,-1.650,0.000
443,-1,1140,116,52,162,1,18.833,7.050,0.000
443,-1,1007,125,54,164,1,17.833,8.250,0.000
443,-1,124,422,112,243,1,5.167,9.450,0.000
443,-1,435,242,75,193,1,10.833,10.950,0.000
443,-1,555,199,67,182,1,12.833,10.950,0.000
443,-1,1059,20,43,132,1,24.833,10.950,0.000
443,-1,318,250,80,194,1,10.167,11.850,0.000
443,-1,768,95,54,153,1,18.500,11.850,0.000
444,-1,1795,331,111,235,1,12.500,-1.650,0.000
444,-1,1149,424,82,256,1,8.167,2.250,0.000
444,-1,1152,111,51,161,1,19.167,7.050,0.000
444,-1,981,136,56,167,1,17.167,8.250,0.000
444,-1,188,399,104,237,1,5.833,9.450,0.000
444,-1,456,235,73,191,1,11.167,10.950,0.000
444,-1,1069,17,43,131,1,25.167,10.950,0.000
444,-1,796,103,54,155,1,18.167,11.250,0.000
444,-1,365,245,77,193,1,10.500,11.550,0.000
444,-1,582,168,63,173,1,14.167,11.550,0.000
444,-1,969,28,45,134,1,23.833,11.850,0.000
445,-1,1774,308,105,227,1,13.167,-1.350,0.000
445,-1,1149,424,82,256,1,8.167,2.250,0.000
445,-1,1176,113,52,162,1,19.167,6.750,0.000
445,-1,967,141,57,169,1,16.833,8.250,0.000
445,-1,247,377,98,230,1,6.500,9.450,0.000
445,-1,501,229,72,190,1,11.500,10.650,0.000
445,-1,610,179,64,176,1,13.833,10.950,0.000
445,-1,824,93,53,153,1,18.833,11.250,0.000
445,-1,1080,5,42,128,1,26.167,11.250,0.000
445,-1,403,211,72,183,1,11.833,12.150,0.000
446,-1,1783,298,105,225,1,13.500,-1.350,0.000
446,-1,888,681,112,323,1,3.167,1.650,0.000
446,-1,1149,424,82,256,1,8.167,2.250,0.000
446,-1,1186,97,50,157,1,20.167,7.050,0.000
446,-1,934,167,60,177,1,15.500,7.950,0.000
446,-1,40,502,130,268,1,3.500,8.550,0.000
446,-1,300,329,90,217,1,7.833,10.050,0.000
446,-1,536,205,68,184,1,12.500,10.950,0.000
446,-1,838,88,52,151,1,19.167,11.250,0.000
446,-1,651,144,60,166,1,15.500,11.550,0.000
446,-1,441,188,68,177,1,12.833,12.450,0.000
447,-1,1791,288,105,223,1,13.833,-1.350,0.000
447,-1,1427,652,117,320,1,4.833,-1.050,0.000
447,-1,955,720,113,334,1,2.833,1.050,0.000
447,-1,1149,424,82,256,1,8.167,2.250,0.000
447,-1,1195,81,49,152,1,21.167,7.350,0.000
447,-1,909,165,60,176,1,15.500,8.250,0.000
447,-1,185,449,111,251,1,4.833,8.550,0.000
447,-1,1211,-1,41,127,1,27.500,9.750,0.000
447,-1,324,307,86,211,1,8.500,10.350,0.000
447,-1,673,146,60,167,1,15.500,11.250,0.000
447,-1,560,167,64,172,1,14.167,11.850,0.000
447,-1,476,167,65,171,1,13.833,12.750,0.000
448,-1,1800,278,105,220,1,14.167,-1.350,0.000
448,-1,1461,613,115,310,1,5.500,-1.050,0.000
448,-1,990,648,104,316,1,3.833,1.350,0.000
448,-1,1149,424,82,256,1,8.167,2.250,0.000
448,-1,1535,21,55,140,1,26.833,4.650,0.000
448,-1,1204,66,47,147,1,22.167,7.650,0.000
448,-1,888,186,62,182,1,14.500,7.950,0.000
448,-1,331,360,92,226,1,7.167,9.150,0.000
448,-1,892,116,55,160,1,17.833,9.750,0.000
448,-1,349,298,84,208,1,8.833,10.350,0.000
448,-1,595,154,62,169,1,14.833,11.850,0.000
448,-1,709,115,56,158,1,17.167,11.850,0.000
448,-1,501,177,66,174,1,13.500,12.150,0.000
449,-1,1477,595,114,305,1,5.833,-1.050,0.000
449,-1,1044,567,96,295,1,5.167,1.650,0.000
449,-1,1149,424,82,256,1,8.167,2.250,0.000
449,-1,1499,55,56,149,1,24.167,4.350,0.000
449,-1,1215,72,48,149,1,21.833,7.350,0.000
449,-1,865,209,65,189,1,13.500,7.650,0.000
449,-1,410,343,87,223,1,7.833,8.850,0.000
449,-1,419,272,79,202,1,9.833,10.350,0.000
449,-1,915,62,49,144,1,21.167,11.250,0.000
449,-1,612,149,61,167,1,15.167,11.850,0.000
449,-1,739,105,55,155,1,17.833,11.850,0.000
449,-1,551,151,62,167,1,14.833,12.450,0.000
450,-1,1523,544,110,290,1,6.833,-1.050,0.000
450,-1,1087,574,96,297,1,5.167,1.350,0.000
450,-1,1131,469,86,269,1,7.167,1.950,0.000
450,-1,1434,93,56,158,1,21.500,4.350,0.000
450,-1,1235,63,48,147,1,22.500,7.350,0.000
450,-1,831,223,67,194,1,12.833,7.650,0.000
450,-1,522,283,78,207,1,9.833,9.150,0.000
450,-1,441,263,77,200,1,10.167,10.350,0.000
450,-1,774,120,56,160,1,17.167,10.950,0.000
450,-1,634,150,61,168,1,15.167,11.550,0.000
450,-1,595,154,62,169,1,14.833,11.850,0.000
450,-1,935,39,46,137,1,22.833,11.850,0.000
