301,1,96,243,94,193,1,9.500,13.950,0.000
302,1,96,243,94,193,1,9.500,13.950,0.000
303,1,98,233,93,190,1,9.833,14.250,0.000
304,1,98,233,93,190,1,9.833,14.250,0.000
305,1,98,233,93,190,1,9.833,14.250,0.000
306,1,98,233,93,190,1,9.833,14.250,0.000
307,1,98,233,93,190,1,9.833,14.250,0.000
308,1,98,233,93,190,1,9.833,14.250,0.000
309,1,98,233,93,190,1,9.833,14.250,0.000
310,1,98,233,93,190,1,9.833,14.250,0.000
311,1,98,233,93,190,1,9.833,14.250,0.000
312,1,98,233,93,190,1,9.833,14.250,0.000
313,1,98,233,93,190,1,9.833,14.250,0.000
314,1,98,233,93,190,1,9.833,14.250,0.000
315,1,98,233,93,190,1,9.833,14.250,0.000
316,1,98,233,93,190,1,9.833,14.250,0.000
317,1,98,233,93,190,1,9.833,14.250,0.000
318,1,98,233,93,190,1,9.833,14.250,0.000
319,1,98,233,93,190,1,9.833,14.250,0.000
320,1,98,233,93,190,1,9.833,14.250,0.000
321,1,98,233,93,190,1,9.833,14.250,0.000
322,1,98,233,93,190,1,9.833,14.250,0.000
323,1,98,233,93,190,1,9.833,14.250,0.000
324,1,98,233,93,190,1,9.833,14.250,0.000
325,1,98,233,93,190,1,9.833,14.250,0.000
326,1,98,233,93,190,1,9.833,14.250,0.000
327,1,98,233,93,190,1,9.833,14.250,0.000
328,1,98,233,93,190,1,9.833,14.250,0.000
329,1,98,233,93,190,1,9.833,14.250,0.000
330,1,98,233,93,190,1,9.833,14.250,0.000
331,1,98,233,93,190,1,9.833,14.250,0.000
332,1,98,233,93,190,1,9.833,14.250,0.000
333,1,98,233,93,190,1,9.833,14.250,0.000
334,1,98,233,93,190,1,9.833,14.250,0.000
335,1,98,233,93,190,1,9.833,14.250,0.000
336,1,98,233,93,190,1,9.833,14.250,0.000
337,1,98,233,93,190,1,9.833,14.250,0.000
338,1,98,233,93,190,1,9.833,14.250,0.000
339,1,98,233,93,190,1,9.833,14.250,0.000
340,1,98,233,93,190,1,9.833,14.250,0.000
341,1,98,233,93,190,1,9.833,14.250,0.000
342,1,98,233,93,190,1,9.833,14.250,0.000
343,1,98,233,93,190,1,9.833,14.250,0.000
344,1,98,233,93,190,1,9.833,14.250,0.000
345,1,98,233,93,190,1,9.833,14.250,0.000
346,1,98,233,93,190,1,9.833,14.250,0.000
347,1,98,233,93,190,1,9.833,14.250,0.000
348,1,98,233,93,190,1,9.833,14.250,0.000
349,1,98,233,93,190,1,9.833,14.250,0.000
350,1,98,233,93,190,1,9.833,14.250,0.000
351,1,98,233,93,190,1,9.833,14.250,0.000
352,1,98,233,93,190,1,9.833,14.250,0.000
353,1,98,233,93,190,1,9.833,14.250,0.000
354,1,98,233,93,190,1,9.833,14.250,0.000
355,1,98,233,93,190,1,9.833,14.250,0.000
356,1,98,233,93,190,1,9.833,14.250,0.000
357,1,98,233,93,190,1,9.833,14.250,0.000
358,1,98,233,93,190,1,9.833,14.250,0.000
359,1,98,233,93,190,1,9.833,14.250,0.000
360,1,98,233,93,190,1,9.833,14.250,0.000
361,1,98,233,93,190,1,9.833,14.250,0.000
362,1,98,233,93,190,1,9.833,14.250,0.000
363,1,98,233,93,190,1,9.833,14.250,0.000
364,1,98,233,93,190,1,9.833,14.250,0.000
365,1,98,233,93,190,1,9.833,14.250,0.000
366,1,98,233,93,190,1,9.833,14.250,0.000
367,1,98,233,93,190,1,9.833,14.250,0.000
368,1,98,233,93,190,1,9.833,14.250,0.000
369,1,98,233,93,190,1,9.833,14.250,0.000
370,1,98,233,93,190,1,9.833,14.250,0.000
371,1,98,233,93,190,1,9.833,14.250,0.000
372,1,98,233,93,190,1,9.833,14.250,0.000
373,1,98,233,93,190,1,9.833,14.250,0.000
374,1,98,233,93,190,1,9.833,14.250,0.000
375,1,98,233,93,190,1,9.833,14.250,0.000
376,1,98,233,93,190,1,9.833,14.250,0.000
377,1,98,233,93,190,1,9.833,14.250,0.000
378,1,98,233,93,190,1,9.833,14.250,0.000
379,1,98,233,93,190,1,9.833,14.250,0.000
380,1,98,233,93,190,1,9.833,14.250,0.000
381,1,98,233,93,190,1,9.833,14.250,0.000
382,1,98,233,93,190,1,9.833,14.250,0.000
383,1,98,233,93,190,1,9.833,14.250,0.000
384,1,98,233,93,190,1,9.833,14.250,0.000
385,1,98,233,93,190,1,9.833,14.250,0.000
386,1,98,233,93,190,1,9.833,14.250,0.000
387,1,98,233,93,190,1,9.833,14.250,0.000
388,1,98,233,93,190,1,9.833,14.250,0.000
389,1,98,233,93,190,1,9.833,14.250,0.000
390,1,98,233,93,190,1,9.833,14.250,0.000
391,1,98,233,93,190,1,9.833,14.250,0.000
392,1,98,233,93,190,1,9.833,14.250,0.000
393,1,98,233,93,190,1,9.833,14.250,0.000
394,1,98,233,93,190,1,9.833,14.250,0.000
395,1,98,233,93,190,1,9.833,14.250,0.000
396,1,98,233,93,190,1,9.833,14.250,0.000
397,1,98,233,93,190,1,9.833,14.250,0.000
398,1,98,233,93,190,1,9.833,14.250,0.000
399,1,98,233,93,190,1,9.833,14.250,0.000
400,1,98,233,93,190,1,9.833,14.250,0.000
401,1,98,233,93,190,1,9.833,14.250,0.000
402,1,98,233,93,190,1,9.833,14.250,0.000
403,1,98,233,93,190,1,9.833,14.250,0.000
404,1,98,233,93,190,1,9.833,14.250,0.000
405,1,98,233,93,190,1,9.833,14.250,0.000
406,1,98,233,93,190,1,9.833,14.250,0.000
407,1,98,233,93,190,1,9.833,14.250,0.000
408,1,98,233,93,190,1,9.833,14.250,0.000
409,1,110,234,92,191,1,9.833,14.100,0.000
410,1,123,236,91,191,1,9.833,13.950,0.000
411,1,98,233,93,190,1,9.833,14.250,0.000
412,1,98,233,93,190,1,9.833,14.250,0.000
413,1,98,233,93,190,1,9.833,14.250,0.000
414,1,98,233,93,190,1,9.833,14.250,0.000
415,1,98,233,93,190,1,9.833,14.250,0.000
416,1,98,233,93,190,1,9.833,14.250,0.000
417,1,98,233,93,190,1,9.833,14.250,0.000
418,1,98,233,93,190,1,9.833,14.250,0.000
419,1,98,233,93,190,1,9.833,14.250,0.000
420,1,98,233,93,190,1,9.833,14.250,0.000
421,1,98,233,93,190,1,9.833,14.250,0.000
422,1,98,233,93,190,1,9.833,14.250,0.000
423,1,98,233,93,190,1,9.833,14.250,0.000
424,1,98,233,93,190,1,9.833,14.250,0.000
425,1,98,233,93,190,1,9.833,14.250,0.000
426,1,98,233,93,190,1,9.833,14.250,0.000
427,1,98,233,93,190,1,9.833,14.250,0.000
428,1,98,233,93,190,1,9.833,14.250,0.000
429,1,98,233,93,190,1,9.833,14.250,0.000
430,1,98,233,93,190,1,9.833,14.250,0.000
431,1,98,233,93,190,1,9.833,14.250,0.000
432,1,98,233,93,190,1,9.833,14.250,0.000
433,1,98,233,93,190,1,9.833,14.250,0.000
434,1,98,233,93,190,1,9.833,14.250,0.000
435,1,98,233,93,190,1,9.833,14.250,0.000
436,1,98,233,93,190,1,9.833,14.250,0.000
437,1,98,233,93,190,1,9.833,14.250,0.000
438,1,98,233,93,190,1,9.833,14.250,0.000
439,1,98,233,93,190,1,9.833,14.250,0.000
440,1,98,233,93,190,1,9.833,14.250,0.000
441,1,98,233,93,190,1,9.833,14.250,0.000
442,1,98,233,93,190,1,9.833,14.250,0.000
443,1,98,233,93,190,1,9.833,14.250,0.000
444,1,98,233,93,190,1,9.833,14.250,0.000
445,1,98,233,93,190,1,9.833,14.250,0.000
446,1,98,233,93,190,1,9.833,14.250,0.000
447,1,98,233,93,190,1,9.833,14.250,0.000
448,1,98,233,93,190,1,9.833,14.250,0.000
449,1,98,233,93,190,1,9.833,14.250,0.000
450,1,98,233,93,190,1,9.833,14.250,0.000
301,2,174,222,85,186,1,10.500,13.950,0.000
302,2,174,222,85,186,1,10.500,13.950,0.000
303,2,174,222,85,186,1,10.500,13.950,0.000
304,2,175,213,84,184,1,10.833,14.250,0.000
305,2,175,213,84,184,1,10.833,14.250,0.000
306,2,175,213,84,184,1,10.833,14.250,0.000
307,2,174,222,85,186,1,10.500,13.950,0.000
308,2,175,213,84,184,1,10.833,14.250,0.000
309,2,175,213,84,184,1,10.833,14.250,0.000
310,2,175,213,84,184,1,10.833,14.250,0.000
311,2,175,213,84,184,1,10.833,14.250,0.000
312,2,175,213,84,184,1,10.833,14.250,0.000
313,2,174,222,85,186,1,10.500,13.950,0.000
314,2,175,213,84,184,1,10.833,14.250,0.000
315,2,198,216,83,184,1,10.833,13.950,0.000
316,2,198,216,83,184,1,10.833,13.950,0.000
317,2,198,216,83,184,1,10.833,13.950,0.000
318,2,198,216,83,184,1,10.833,13.950,0.000
319,2,174,222,85,186,1,10.500,13.950,0.000
320,2,175,213,84,184,1,10.833,14.250,0.000
321,2,175,213,84,184,1,10.833,14.250,0.000
322,2,175,213,84,184,1,10.833,14.250,0.000
323,2,175,213,84,184,1,10.833,14.250,0.000
324,2,174,216,85,185,1,10.722,14.150,0.000
325,2,174,219,85,186,1,10.611,14.050,0.000
326,2,174,222,85,186,1,10.500,13.950,0.000
327,2,175,213,84,184,1,10.833,14.250,0.000
328,2,175,213,84,184,1,10.833,14.250,0.000
329,2,175,213,84,184,1,10.833,14.250,0.000
330,2,175,213,84,184,1,10.833,14.250,0.000
331,2,175,213,84,184,1,10.833,14.250,0.000
332,2,175,213,84,184,1,10.833,14.250,0.000
333,2,175,213,84,184,1,10.833,14.250,0.000
334,2,174,222,85,186,1,10.500,13.950,0.000
335,2,175,213,84,184,1,10.833,14.250,0.000
336,2,175,213,84,184,1,10.833,14.250,0.000
337,2,175,213,84,184,1,10.833,14.250,0.000
338,2,175,213,84,184,1,10.833,14.250,0.000
339,2,177,217,84,185,1,10.708,14.100,0.000
340,2,180,221,85,186,1,10.583,13.950,0.000
341,2,183,225,85,187,1,10.458,13.800,0.000
342,2,185,229,85,188,1,10.333,13.650,0.000
343,2,188,233,85,189,1,10.208,13.500,0.000
344,2,191,237,86,190,1,10.083,13.350,0.000
345,2,194,241,86,192,1,9.958,13.200,0.000
346,2,197,246,86,193,1,9.833,13.050,0.000
347,2,197,246,86,193,1,9.833,13.050,0.000
348,2,196,256,87,196,1,9.500,12.750,0.000
349,2,196,256,87,196,1,9.500,12.750,0.000
350,2,197,246,86,193,1,9.834,13.050,0.000
351,2,197,235,85,190,1,10.167,13.350,0.000
352,2,198,225,84,187,1,10.500,13.650,0.000
353,2,174,222,85,186,1,10.500,13.950,0.000
354,2,174,222,85,186,1,10.500,13.950,0.000
355,2,174,221,85,186,1,10.537,13.983,0.000
356,2,174,220,85,186,1,10.574,14.017,0.000
357,2,174,219,85,186,1,10.611,14.050,0.000
358,2,174,218,85,185,1,10.648,14.083,0.000
359,2,174,217,85,185,1,10.685,14.117,0.000
360,2,174,216,85,185,1,10.722,14.150,0.000
361,2,174,215,84,184,1,10.759,14.183,0.000
362,2,174,214,84,184,1,10.796,14.217,0.000
363,2,175,213,84,184,1,10.833,14.250,0.000
364,2,174,222,85,186,1,10.500,13.950,0.000
365,2,174,222,85,186,1,10.500,13.950,0.000
366,2,198,216,83,184,1,10.833,13.950,0.000
367,2,198,216,83,184,1,10.833,13.950,0.000
368,2,197,235,85,190,1,10.167,13.350,0.000
369,2,173,232,86,189,1,10.167,13.650,0.000
370,2,173,232,86,189,1,10.167,13.650,0.000
371,2,174,222,85,186,1,10.500,13.950,0.000
372,2,174,222,85,186,1,10.500,13.950,0.000
373,2,174,222,85,186,1,10.500,13.950,0.000
374,2,175,213,84,184,1,10.833,14.250,0.000
375,2,175,213,84,184,1,10.833,14.250,0.000
376,2,175,213,84,184,1,10.833,14.250,0.000
377,2,175,213,84,184,1,10.833,14.250,0.000
378,2,175,213,84,184,1,10.833,14.250,0.000
379,2,175,213,84,184,1,10.833,14.250,0.000
380,2,175,213,84,184,1,10.833,14.250,0.000
381,2,175,213,84,184,1,10.833,14.250,0.000
382,2,175,213,84,184,1,10.833,14.250,0.000
383,2,175,213,84,184,1,10.833,14.250,0.000
384,2,175,213,84,184,1,10.833,14.250,0.000
385,2,175,213,84,184,1,10.833,14.250,0.000
386,2,175,213,84,184,1,10.833,14.250,0.000
387,2,175,213,84,184,1,10.833,14.250,0.000
388,2,175,213,84,184,1,10.833,14.250,0.000
389,2,175,213,84,184,1,10.833,14.250,0.000
390,2,175,213,84,184,1,10.833,14.250,0.000
391,2,175,213,84,184,1,10.833,14.250,0.000
392,2,175,213,84,184,1,10.833,14.250,0.000
393,2,175,213,84,184,1,10.833,14.250,0.000
394,2,175,213,84,184,1,10.833,14.250,0.000
395,2,175,213,84,184,1,10.833,14.250,0.000
396,2,174,222,85,186,1,10.500,13.950,0.000
397,2,174,222,85,186,1,10.500,13.950,0.000
398,2,174,222,85,186,1,10.500,13.950,0.000
399,2,174,222,85,186,1,10.500,13.950,0.000
400,2,174,222,85,186,1,10.500,13.950,0.000
401,2,174,222,85,186,1,10.500,13.950,0.000
402,2,174,222,85,186,1,10.500,13.950,0.000
403,2,174,222,85,186,1,10.500,13.950,0.000
404,2,198,225,84,187,1,10.500,13.650,0.000
405,2,198,225,84,187,1,10.500,13.650,0.000
406,2,192,222,84,186,1,10.583,13.800,0.000
407,2,186,219,84,185,1,10.666,13.950,0.000
408,2,180,216,84,185,1,10.750,14.100,0.000
409,2,175,213,84,184,1,10.833,14.250,0.000
410,2,175,213,84,184,1,10.833,14.250,0.000
411,2,175,213,84,184,1,10.833,14.250,0.000
412,2,175,213,84,184,1,10.833,14.250,0.000
413,2,175,213,84,184,1,10.833,14.250,0.000
414,2,175,213,84,184,1,10.833,14.250,0.000
415,2,175,213,84,184,1,10.833,14.250,0.000
416,2,175,213,84,184,1,10.833,14.250,0.000
417,2,198,216,83,184,1,10.833,13.950,0.000
418,2,198,216,83,184,1,10.833,13.950,0.000
419,2,198,216,83,184,1,10.833,13.950,0.000
420,2,172,243,88,192,1,9.833,13.350,0.000
421,2,171,253,89,195,1,9.500,13.050,0.000
422,2,173,232,86,189,1,10.167,13.650,0.000
423,2,173,232,86,189,1,10.167,13.650,0.000
424,2,173,231,86,189,1,10.215,13.693,0.000
425,2,173,229,86,188,1,10.262,13.736,0.000
426,2,173,228,86,188,1,10.310,13.779,0.000
427,2,173,227,86,188,1,10.357,13.821,0.000
428,2,174,225,86,187,1,10.405,13.864,0.000
429,2,174,224,85,187,1,10.452,13.907,0.000
430,2,174,222,85,186,1,10.500,13.950,0.000
431,2,175,213,84,184,1,10.833,14.250,0.000
432,2,178,218,84,185,1,10.666,14.050,0.000
433,2,182,223,85,187,1,10.500,13.850,0.000
434,2,185,229,85,188,1,10.333,13.650,0.000
435,2,189,234,85,190,1,10.166,13.450,0.000
436,2,193,240,86,191,1,10.000,13.250,0.000
437,2,197,246,86,193,1,9.833,13.050,0.000
438,2,197,246,86,193,1,9.833,13.050,0.000
439,2,195,267,89,199,1,9.166,12.450,0.000
440,2,194,290,91,205,1,8.500,11.850,0.000
441,2,194,302,93,209,1,8.167,11.550,0.000
301,3,1430,205,67,191,1,15.833,2.550,0.000
302,3,1430,205,67,191,1,15.833,2.550,0.000
303,3,1440,198,67,189,1,16.167,2.550,0.000
304,3,1451,191,67,187,1,16.500,2.550,0.000
305,3,1460,184,67,185,1,16.833,2.550,0.000
306,3,1470,178,66,183,1,17.167,2.550,0.000
307,3,1470,178,66,183,1,17.167,2.550,0.000
308,3,1479,171,66,182,1,17.500,2.550,0.000
309,3,1484,168,66,181,1,17.666,2.550,0.000
310,3,1489,165,66,180,1,17.833,2.550,0.000
311,3,1498,159,66,178,1,18.167,2.550,0.000
312,3,1507,152,66,176,1,18.500,2.550,0.000
313,3,1516,146,65,175,1,18.833,2.550,0.000
314,3,1523,143,66,174,1,19.018,2.517,0.000
315,3,1531,140,66,173,1,19.203,2.483,0.000
316,3,1539,137,66,173,1,19.389,2.450,0.000
317,3,1546,134,66,172,1,19.574,2.417,0.000
318,3,1554,131,66,171,1,19.759,2.383,0.000
319,3,1561,128,66,171,1,19.944,2.350,0.000
320,3,1569,125,67,170,1,20.130,2.317,0.000
321,3,1576,122,67,169,1,20.315,2.283,0.000
322,3,1583,119,67,169,1,20.500,2.250,0.000
323,3,1591,113,67,167,1,20.833,2.250,0.000
324,3,1581,101,65,164,1,21.500,2.550,0.000
325,3,1589,96,65,162,1,21.833,2.550,0.000
326,3,1596,91,65,161,1,22.167,2.550,0.000
327,3,1596,91,65,161,1,22.167,2.550,0.000
328,3,1586,79,63,158,1,22.833,2.850,0.000
329,3,1594,74,63,157,1,23.167,2.850,0.000
330,3,1601,69,64,156,1,23.500,2.850,0.000
331,3,1608,65,64,155,1,23.833,2.850,0.000
332,3,1608,65,64,155,1,23.833,2.850,0.000
333,3,1615,60,64,154,1,24.167,2.850,0.000
334,3,1622,55,64,153,1,24.500,2.850,0.000
335,3,1629,50,64,152,1,24.833,2.850,0.000
336,3,1629,50,64,152,1,24.833,2.850,0.000
337,3,1657,66,68,157,1,23.833,2.250,0.000
338,3,1657,66,68,157,1,23.833,2.250,0.000
339,3,1657,66,68,157,1,23.833,2.250,0.000
340,3,1664,61,68,156,1,24.167,2.250,0.000
341,3,1671,56,68,155,1,24.500,2.250,0.000
342,3,1677,51,68,154,1,24.833,2.250,0.000
343,3,1684,46,68,153,1,25.167,2.250,0.000
344,3,1690,41,69,152,1,25.500,2.250,0.000
345,3,1692,23,67,148,1,26.833,2.550,0.000
346,3,1703,32,69,151,1,26.167,2.250,0.000
347,3,1709,27,69,150,1,26.500,2.250,0.000
348,3,1709,27,69,150,1,26.500,2.250,0.000
301,4,-15,249,108,198,1,8.833,14.550,0.000
302,4,-15,249,108,198,1,8.833,14.550,0.000
303,4,-15,249,108,198,1,8.833,14.550,0.000
304,4,-15,249,108,198,1,8.833,14.550,0.000
305,4,-15,249,108,198,1,8.833,14.550,0.000
306,4,-15,249,108,198,1,8.833,14.550,0.000
307,4,-15,249,108,198,1,8.833,14.550,0.000
308,4,-15,249,108,198,1,8.833,14.550,0.000
309,4,-15,249,108,198,1,8.833,14.550,0.000
310,4,-15,249,108,198,1,8.833,14.550,0.000
311,4,-15,249,108,198,1,8.833,14.550,0.000
312,4,-15,249,108,198,1,8.833,14.550,0.000
313,4,-15,249,108,198,1,8.833,14.550,0.000
314,4,-15,249,108,198,1,8.833,14.550,0.000
315,4,-15,249,108,198,1,8.833,14.550,0.000
316,4,-15,249,108,198,1,8.833,14.550,0.000
317,4,-15,249,108,198,1,8.833,14.550,0.000
318,4,-15,249,108,198,1,8.833,14.550,0.000
319,4,-15,249,108,198,1,8.833,14.550,0.000
320,4,-15,249,108,198,1,8.833,14.550,0.000
321,4,-15,249,108,198,1,8.833,14.550,0.000
322,4,-15,249,108,198,1,8.833,14.550,0.000
323,4,-15,249,108,198,1,8.833,14.550,0.000
324,4,-15,249,108,198,1,8.833,14.550,0.000
325,4,-15,249,108,198,1,8.833,14.550,0.000
326,4,-15,249,108,198,1,8.833,14.550,0.000
327,4,-15,249,108,198,1,8.833,14.550,0.000
328,4,-15,249,108,198,1,8.833,14.550,0.000
329,4,-15,249,108,198,1,8.833,14.550,0.000
330,4,-15,249,108,198,1,8.833,14.550,0.000
331,4,-15,249,108,198,1,8.833,14.550,0.000
332,4,-15,249,108,198,1,8.833,14.550,0.000
333,4,-15,249,108,198,1,8.833,14.550,0.000
334,4,-15,249,108,198,1,8.833,14.550,0.000
335,4,-15,249,108,198,1,8.833,14.550,0.000
336,4,-15,249,108,198,1,8.833,14.550,0.000
337,4,-11,265,109,202,1,8.389,14.050,0.000
338,4,-7,282,110,206,1,7.944,13.550,0.000
339,4,-3,300,111,211,1,7.500,13.050,0.000
340,4,-7,312,113,214,1,7.167,12.750,0.000
301,5,1072,-5,41,125,1,27.167,11.850,0.000
302,5,1082,-16,39,122,1,28.167,12.150,0.000
303,5,1101,-22,39,120,1,28.833,12.150,0.000
304,5,1118,-17,39,122,1,28.500,11.700,0.000
305,5,1136,-13,39,123,1,28.167,11.250,0.000
306,5,1154,-19,39,121,1,28.833,11.250,0.000
301,6,1675,19,65,146,1,27.167,2.850,0.000
301,7,1128,87,49,153,1,20.500,7.950,0.000
302,7,1105,96,50,156,1,19.833,7.950,0.000
303,7,1105,108,52,160,1,19.167,7.650,0.000
304,7,1080,118,53,163,1,18.500,7.650,0.000
305,7,1068,123,54,164,1,18.167,7.650,0.000
306,7,1067,136,55,168,1,17.500,7.350,0.000
307,7,1054,141,56,170,1,17.167,7.350,0.000
308,7,1038,161,58,176,1,16.167,7.050,0.000
309,7,1024,167,59,178,1,15.833,7.050,0.000
310,7,1010,173,59,180,1,15.500,7.050,0.000
311,7,992,195,62,186,1,14.500,6.750,0.000
312,7,977,202,63,188,1,14.167,6.750,0.000
313,7,973,219,64,194,1,13.500,6.450,0.000
314,7,941,234,66,198,1,12.833,6.450,0.000
315,7,924,242,67,200,1,12.500,6.450,0.000
316,7,889,258,70,205,1,11.833,6.450,0.000
317,7,871,266,71,207,1,11.500,6.450,0.000
318,7,845,296,74,216,1,10.500,6.150,0.000
319,7,805,314,77,221,1,9.833,6.150,0.000
320,7,764,334,80,227,1,9.167,6.150,0.000
321,7,752,359,83,234,1,8.500,5.850,0.000
322,7,708,381,86,240,1,7.833,5.850,0.000
323,7,684,392,88,243,1,7.500,5.850,0.000
324,7,661,404,90,246,1,7.167,5.850,0.000
325,7,611,429,93,252,1,6.500,5.850,0.000
326,7,593,460,97,260,1,5.833,5.550,0.000
327,7,539,487,102,267,1,5.167,5.550,0.000
328,7,510,502,104,271,1,4.833,5.550,0.000
329,7,487,538,109,280,1,4.167,5.250,0.000
330,7,457,554,112,284,1,3.833,5.250,0.000
301,8,413,250,76,195,1,10.500,10.950,0.000
302,8,432,232,74,190,1,11.167,11.250,0.000
303,8,453,225,72,188,1,11.500,11.250,0.000
304,8,493,210,70,184,1,12.167,11.250,0.000
305,8,528,188,66,178,1,13.167,11.550,0.000
306,8,546,181,65,176,1,13.500,11.550,0.000
307,8,582,168,63,173,1,14.167,11.550,0.000
308,8,600,162,63,171,1,14.500,11.550,0.000
309,8,634,150,61,168,1,15.167,11.550,0.000
310,8,651,144,60,166,1,15.500,11.550,0.000
311,8,678,126,58,161,1,16.500,11.850,0.000
312,8,709,115,56,158,1,17.167,11.850,0.000
313,8,730,117,56,159,1,17.167,11.550,0.000
314,8,752,118,56,160,1,17.167,11.250,0.000
315,8,781,108,55,157,1,17.833,11.250,0.000
316,8,810,98,54,154,1,18.500,11.250,0.000
317,8,824,93,53,153,1,18.833,11.250,0.000
318,8,851,84,52,150,1,19.500,11.250,0.000
319,8,877,75,50,147,1,20.167,11.250,0.000
320,8,901,71,50,147,1,20.500,11.100,0.000
321,8,923,67,49,146,1,20.833,10.950,0.000
322,8,948,59,48,143,1,21.500,10.950,0.000
323,8,972,51,47,141,1,22.167,10.950,0.000
324,8,992,52,47,141,1,22.167,10.650,0.000
325,8,1015,44,46,139,1,22.833,10.650,0.000
326,8,1035,45,46,140,1,22.833,10.350,0.000
327,8,1057,37,45,138,1,23.500,10.350,0.000
328,8,1067,34,45,137,1,23.833,10.350,0.000
329,8,1088,26,44,134,1,24.500,10.350,0.000
330,8,1099,14,42,131,1,25.500,10.650,0.000
331,8,1108,11,42,130,1,25.833,10.650,0.000
332,8,1127,4,41,128,1,26.500,10.650,0.000
333,8,1137,1,41,127,1,26.833,10.650,0.000
334,8,1146,-1,40,127,1,27.167,10.650,0.000
335,8,1164,-8,40,125,1,27.833,10.650,0.000
336,8,1182,-14,40,123,1,28.500,10.650,0.000
337,8,1190,-17,39,122,1,28.833,10.650,0.000
338,8,1207,-23,39,121,1,29.500,10.650,0.000
339,8,1215,-26,39,120,1,29.833,10.650,0.000
301,9,1721,554,127,298,1,7.167,-2.250,0.000
302,9,1721,554,127,298,1,7.167,-2.250,0.000
303,9,1708,500,119,281,1,8.167,-1.950,0.000
304,9,1731,471,118,273,1,8.833,-1.950,0.000
305,9,1731,471,118,273,1,8.833,-1.950,0.000
306,9,1752,443,118,265,1,9.500,-1.950,0.000
307,9,1772,417,117,258,1,10.167,-1.950,0.000
308,9,1791,392,117,252,1,10.833,-1.950,0.000
309,9,1800,380,117,249,1,11.167,-1.950,0.000
310,9,1818,356,117,243,1,11.833,-1.950,0.000
301,10,1391,693,120,331,1,4.167,-1.050,0.000
302,10,1409,672,119,326,1,4.500,-1.050,0.000
303,10,1444,632,116,315,1,5.167,-1.050,0.000
304,10,1477,595,114,305,1,5.833,-1.050,0.000
305,10,1493,577,112,300,1,6.167,-1.050,0.000
306,10,1508,560,111,295,1,6.500,-1.050,0.000
307,10,1508,506,105,279,1,7.500,-0.750,0.000
308,10,1522,492,104,275,1,7.833,-0.750,0.000
309,10,1508,458,99,265,1,8.500,-0.450,0.000
310,10,1534,431,97,258,1,9.167,-0.450,0.000
311,10,1547,419,97,254,1,9.500,-0.450,0.000
312,10,1533,390,93,246,1,10.167,-0.150,0.000
313,10,1556,367,91,240,1,10.833,-0.150,0.000
314,10,1568,356,91,236,1,11.167,-0.150,0.000
315,10,1554,332,87,229,1,11.833,0.150,0.000
316,10,1565,322,87,226,1,12.167,0.150,0.000
317,10,1586,302,86,221,1,12.833,0.150,0.000
318,10,1573,281,83,215,1,13.500,0.450,0.000
319,10,1583,272,83,212,1,13.833,0.450,0.000
320,10,1602,255,82,208,1,14.500,0.450,0.000
321,10,1620,238,82,203,1,15.167,0.450,0.000
322,10,1652,241,85,205,1,15.167,0.150,0.000
323,10,1670,225,85,201,1,15.833,0.150,0.000
324,10,1687,209,85,197,1,16.500,0.150,0.000
325,10,1695,201,85,195,1,16.833,0.150,0.000
326,10,1711,187,85,192,1,17.500,0.150,0.000
327,10,1719,179,85,190,1,17.833,0.150,0.000
328,10,1734,165,85,187,1,18.500,0.150,0.000
329,10,1726,144,82,181,1,19.500,0.450,0.000
330,10,1741,131,83,178,1,20.167,0.450,0.000
331,10,1748,125,83,177,1,20.500,0.450,0.000
332,10,1755,119,83,176,1,20.833,0.450,0.000
333,10,1741,106,80,172,1,21.500,0.750,0.000
334,10,1747,100,80,170,1,21.833,0.750,0.000
301,11,244,194,77,178,1,11.833,14.250,0.000
302,11,244,194,77,178,1,11.833,14.250,0.000
303,11,244,194,77,178,1,11.833,14.250,0.000
304,11,266,187,75,176,1,12.167,14.250,0.000
305,11,244,185,76,175,1,12.167,14.550,0.000
306,11,244,185,76,175,1,12.167,14.550,0.000
307,11,266,187,75,176,1,12.167,14.250,0.000
308,11,244,194,77,178,1,11.833,14.250,0.000
309,11,244,194,77,178,1,11.833,14.250,0.000
310,11,244,194,77,178,1,11.833,14.250,0.000
311,11,244,177,76,173,1,12.500,14.850,0.000
312,11,244,177,76,173,1,12.500,14.850,0.000
313,11,244,177,76,173,1,12.500,14.850,0.000
314,11,244,185,76,175,1,12.167,14.550,0.000
315,11,244,185,76,175,1,12.167,14.550,0.000
316,11,244,185,76,175,1,12.167,14.550,0.000
317,11,244,194,77,178,1,11.833,14.250,0.000
318,11,244,194,77,178,1,11.833,14.250,0.000
319,11,245,203,78,180,1,11.500,13.950,0.000
320,11,245,203,78,180,1,11.500,13.950,0.000
321,11,245,203,78,180,1,11.500,13.950,0.000
322,11,245,203,78,180,1,11.500,13.950,0.000
302,12,1224,-22,40,121,1,29.500,10.350,0.000
303,12,1208,-16,40,123,1,28.833,10.350,0.000
304,12,1201,-6,41,126,1,27.833,10.050,0.000
305,12,1184,0,41,128,1,27.167,10.050,0.000
306,12,1166,6,41,129,1,26.500,10.050,0.000
307,12,1147,13,42,131,1,25.833,10.050,0.000
308,12,1137,17,42,132,1,25.500,10.050,0.000
309,12,1118,24,43,134,1,24.833,10.050,0.000
310,12,1107,36,44,138,1,23.833,9.750,0.000
311,12,1086,44,45,140,1,23.167,9.750,0.000
312,12,1065,52,46,142,1,22.500,9.750,0.000
313,12,1054,56,47,143,1,22.167,9.750,0.000
314,12,1031,64,48,146,1,21.500,9.750,0.000
315,12,1020,69,49,147,1,21.167,9.750,0.000
316,12,996,77,50,149,1,20.500,9.750,0.000
317,12,983,82,50,151,1,20.167,9.750,0.000
318,12,946,96,52,155,1,19.167,9.750,0.000
319,12,932,101,53,156,1,18.833,9.750,0.000
320,12,897,104,53,157,1,18.500,10.050,0.000
321,12,869,114,55,160,1,17.833,10.050,0.000
322,12,833,118,55,160,1,17.500,10.350,0.000
323,12,803,92,53,152,1,18.833,11.550,0.000
324,12,768,95,54,153,1,18.500,11.850,0.000
325,12,732,99,54,153,1,18.167,12.150,0.000
326,12,697,102,55,154,1,17.833,12.450,0.000
327,12,676,101,55,153,1,17.833,12.750,0.000
328,12,646,111,56,156,1,17.167,12.750,0.000
329,12,614,121,58,159,1,16.500,12.750,0.000
330,12,581,132,59,162,1,15.833,12.750,0.000
331,12,569,145,61,166,1,15.167,12.450,0.000
332,12,530,149,62,166,1,14.833,12.750,0.000
333,12,516,163,64,170,1,14.167,12.450,0.000
334,12,482,184,67,176,1,13.167,12.150,0.000
335,12,443,197,69,180,1,12.500,12.150,0.000
336,12,403,211,72,183,1,11.833,12.150,0.000
306,13,1127,4,41,128,1,26.500,10.650,0.000
307,13,1108,11,42,130,1,25.833,10.650,0.000
308,13,1089,18,43,132,1,25.167,10.650,0.000
309,13,1078,21,43,133,1,24.833,10.650,0.000
310,13,1058,29,44,135,1,24.167,10.650,0.000
311,13,1047,32,45,136,1,23.833,10.650,0.000
312,13,1037,36,45,137,1,23.500,10.650,0.000
313,13,1012,53,47,142,1,22.167,10.350,0.000
314,13,989,61,48,144,1,21.500,10.350,0.000
315,13,977,66,49,146,1,21.167,10.350,0.000
316,13,953,74,50,148,1,20.500,10.350,0.000
317,13,928,83,51,151,1,19.833,10.350,0.000
318,13,902,93,52,153,1,19.167,10.350,0.000
319,13,875,103,53,156,1,18.500,10.350,0.000
320,13,861,108,54,158,1,18.167,10.350,0.000
321,13,825,111,55,158,1,17.833,10.650,0.000
322,13,803,129,57,163,1,16.833,10.350,0.000
323,13,773,140,58,167,1,16.167,10.350,0.000
324,13,739,149,60,169,1,15.611,10.450,0.000
325,13,704,158,61,171,1,15.056,10.550,0.000
326,13,668,168,62,174,1,14.500,10.650,0.000
327,13,637,176,64,176,1,14.056,10.750,0.000
328,13,606,184,65,178,1,13.611,10.850,0.000
329,13,574,192,66,180,1,13.167,10.950,0.000
330,13,536,205,68,184,1,12.500,10.950,0.000
331,13,497,220,71,187,1,11.833,10.950,0.000
332,13,476,227,72,189,1,11.500,10.950,0.000
333,13,438,253,76,196,1,10.500,10.650,0.000
334,13,416,261,77,198,1,10.167,10.650,0.000
335,13,371,277,81,203,1,9.500,10.650,0.000
336,13,349,298,84,208,1,8.833,10.350,0.000
314,14,697,102,55,154,1,17.833,12.450,0.000
315,14,666,112,56,157,1,17.167,12.450,0.000
316,14,635,123,58,160,1,16.500,12.450,0.000
317,14,619,128,59,161,1,16.167,12.450,0.000
318,14,586,139,60,164,1,15.500,12.450,0.000
319,14,551,151,62,167,1,14.833,12.450,0.000
320,14,556,159,63,170,1,14.500,12.150,0.000
321,14,524,179,66,175,1,13.500,11.850,0.000
322,14,486,192,68,179,1,12.833,11.850,0.000
323,14,470,208,70,183,1,12.167,11.550,0.000
324,14,432,232,74,190,1,11.167,11.250,0.000
325,14,413,250,76,195,1,10.500,10.950,0.000
326,14,368,266,79,199,1,9.833,10.950,0.000
327,14,347,286,83,205,1,9.167,10.650,0.000
328,14,324,307,86,211,1,8.500,10.350,0.000
329,14,273,325,90,216,1,7.833,10.350,0.000
330,14,219,344,96,221,1,7.167,10.350,0.000
331,14,161,364,102,227,1,6.500,10.350,0.000
332,14,128,390,108,234,1,5.833,10.050,0.000
333,14,60,412,117,241,1,5.167,10.050,0.000
334,14,-14,435,128,249,1,4.500,10.050,0.000
335,14,-62,466,138,260,1,3.833,9.750,0.000
314,15,1796,240,101,210,1,15.500,-1.050,0.000
315,15,1777,222,96,204,1,16.167,-0.750,0.000
316,15,1788,249,101,212,1,15.167,-1.050,0.000
317,15,1788,249,101,212,1,15.167,-1.050,0.000
318,15,1771,267,100,216,1,14.500,-1.050,0.000
319,15,1771,267,100,216,1,14.500,-1.050,0.000
320,15,1763,276,100,218,1,14.167,-1.050,0.000
321,15,1754,286,100,220,1,13.833,-1.050,0.000
322,15,1745,295,100,223,1,13.500,-1.050,0.000
323,15,1728,315,100,228,1,12.833,-1.050,0.000
324,15,1718,325,100,230,1,12.500,-1.050,0.000
325,15,1699,346,101,236,1,11.833,-1.050,0.000
326,15,1689,357,101,239,1,11.500,-1.050,0.000
327,15,1679,368,101,242,1,11.167,-1.050,0.000
328,15,1659,391,102,248,1,10.500,-1.050,0.000
329,15,1648,403,102,251,1,10.167,-1.050,0.000
330,15,1626,428,103,258,1,9.500,-1.050,0.000
331,15,1614,441,104,262,1,9.167,-1.050,0.000
332,15,1590,469,105,269,1,8.500,-1.050,0.000
333,15,1577,483,106,273,1,8.167,-1.050,0.000
334,15,1551,512,108,281,1,7.500,-1.050,0.000
335,15,1537,528,109,286,1,7.167,-1.050,0.000
336,15,1523,544,110,290,1,6.833,-1.050,0.000
337,15,1493,577,112,300,1,6.167,-1.050,0.000
338,15,1477,595,114,305,1,5.833,-1.050,0.000
339,15,1444,632,116,315,1,5.167,-1.050,0.000
340,15,1427,652,117,320,1,4.833,-1.050,0.000
341,15,1409,672,119,326,1,4.500,-1.050,0.000
342,15,1371,715,122,337,1,3.833,-1.050,0.000
343,15,1403,747,126,348,1,3.500,-1.350,0.000
344,15,1363,796,129,362,1,2.833,-1.350,0.000
322,16,920,29,45,134,1,23.500,12.450,0.000
323,16,923,43,47,138,1,22.500,11.850,0.000
324,16,912,47,47,139,1,22.167,11.850,0.000
325,16,900,51,48,140,1,21.833,11.850,0.000
326,16,887,55,48,141,1,21.500,11.850,0.000
327,16,870,69,50,146,1,20.500,11.550,0.000
328,16,857,73,50,147,1,20.167,11.550,0.000
329,16,844,78,51,148,1,19.833,11.550,0.000
330,16,817,87,52,151,1,19.167,11.550,0.000
331,16,810,98,54,154,1,18.500,11.250,0.000
332,16,796,103,54,155,1,18.167,11.250,0.000
333,16,788,115,55,159,1,17.500,10.950,0.000
334,16,774,120,56,160,1,17.167,10.950,0.000
335,16,755,126,57,162,1,16.767,10.950,0.000
336,16,737,133,58,164,1,16.367,10.950,0.000
337,16,718,140,59,166,1,15.967,10.950,0.000
338,16,699,147,60,168,1,15.567,10.950,0.000
339,16,679,154,61,170,1,15.167,10.950,0.000
340,16,662,160,62,171,1,14.833,10.950,0.000
341,16,628,172,63,175,1,14.167,10.950,0.000
342,16,609,176,64,176,1,13.917,11.025,0.000
343,16,590,181,65,177,1,13.667,11.100,0.000
344,16,570,185,65,178,1,13.417,11.175,0.000
345,16,551,190,66,179,1,13.167,11.250,0.000
346,16,531,194,67,180,1,12.917,11.325,0.000
347,16,511,199,68,181,1,12.667,11.400,0.000
348,16,490,203,69,182,1,12.417,11.475,0.000
349,16,470,208,70,183,1,12.167,11.550,0.000
350,16,449,215,71,185,1,11.833,11.550,0.000
351,16,429,222,73,187,1,11.500,11.550,0.000
352,16,408,230,74,189,1,11.167,11.550,0.000
353,16,410,240,75,192,1,10.833,11.250,0.000
354,16,389,247,77,194,1,10.500,11.250,0.000
355,16,366,255,78,196,1,10.167,11.250,0.000
356,16,320,271,82,200,1,9.500,11.250,0.000
357,16,296,280,84,203,1,9.167,11.250,0.000
327,17,877,733,117,336,1,2.500,1.350,0.000
328,17,917,660,109,318,1,3.500,1.650,0.000
329,17,944,640,106,313,1,3.833,1.650,0.000
330,17,990,648,104,316,1,3.833,1.350,0.000
331,17,1020,585,98,300,1,4.833,1.650,0.000
332,17,1067,551,94,291,1,5.500,1.650,0.000
333,17,1089,534,93,287,1,5.833,1.650,0.000
334,17,1131,503,90,278,1,6.500,1.650,0.000
335,17,1151,489,89,274,1,6.833,1.650,0.000
336,17,1188,460,87,267,1,7.500,1.650,0.000
337,17,1223,434,85,259,1,8.167,1.650,0.000
338,17,1256,409,84,252,1,8.833,1.650,0.000
339,17,1268,370,80,240,1,9.833,1.950,0.000
340,17,1283,359,79,237,1,10.167,1.950,0.000
341,17,1312,338,78,231,1,10.833,1.950,0.000
342,17,1339,318,76,225,1,11.500,1.950,0.000
343,17,1352,309,76,222,1,11.833,1.950,0.000
344,17,1365,299,75,219,1,12.167,1.950,0.000
345,17,1370,270,72,210,1,13.167,2.250,0.000
346,17,1382,261,72,208,1,13.500,2.250,0.000
347,17,1406,245,71,203,1,14.167,2.250,0.000
348,17,1417,237,70,201,1,14.500,2.250,0.000
349,17,1428,230,70,198,1,14.833,2.250,0.000
350,17,1430,205,67,191,1,15.833,2.550,0.000
351,17,1451,191,67,187,1,16.500,2.550,0.000
352,17,1460,184,67,185,1,16.833,2.550,0.000
353,17,1479,171,66,182,1,17.500,2.550,0.000
354,17,1489,165,66,180,1,17.833,2.550,0.000
355,17,1498,139,64,172,1,19.167,2.850,0.000
356,17,1515,127,64,169,1,19.833,2.850,0.000
357,17,1532,116,63,167,1,20.500,2.850,0.000
358,17,1548,105,63,164,1,21.167,2.850,0.000
359,17,1564,95,63,161,1,21.833,2.850,0.000
360,17,1579,84,63,159,1,22.500,2.850,0.000
361,17,1594,74,63,157,1,23.167,2.850,0.000
362,17,1601,69,64,156,1,23.500,2.850,0.000
363,17,1615,60,64,154,1,24.167,2.850,0.000
364,17,1622,55,64,153,1,24.500,2.850,0.000
365,17,1629,50,64,152,1,24.833,2.850,0.000
366,17,1636,46,64,151,1,25.167,2.850,0.000
367,17,1649,36,64,149,1,25.833,2.850,0.000
368,17,1662,27,65,147,1,26.500,2.850,0.000
369,17,1658,14,63,144,1,27.500,3.150,0.000
370,17,1671,6,63,142,1,28.167,3.150,0.000
371,17,1677,2,63,141,1,28.500,3.150,0.000
372,17,1689,-6,64,140,1,29.167,3.150,0.000
373,17,1695,-10,64,139,1,29.500,3.150,0.000
374,17,1701,-14,64,139,1,29.833,3.150,0.000
330,18,671,95,54,151,1,18.167,13.050,0.000
331,18,646,111,56,156,1,17.167,12.750,0.000
332,18,630,116,57,158,1,16.833,12.750,0.000
333,18,598,127,59,160,1,16.167,12.750,0.000
334,18,564,138,60,163,1,15.500,12.750,0.000
335,18,564,138,60,163,1,15.500,12.750,0.000
336,18,547,143,61,165,1,15.167,12.750,0.000
337,18,516,163,64,170,1,14.167,12.450,0.000
338,18,497,169,65,172,1,13.833,12.450,0.000
339,18,482,184,67,176,1,13.167,12.150,0.000
340,18,443,197,69,180,1,12.500,12.150,0.000
341,18,423,204,71,181,1,12.167,12.150,0.000
342,18,382,218,73,185,1,11.500,12.150,0.000
343,18,363,235,76,190,1,10.833,11.850,0.000
344,18,340,242,78,192,1,10.500,11.850,0.000
345,18,319,260,81,197,1,9.833,11.550,0.000
346,18,295,268,83,199,1,9.500,11.550,0.000
347,18,246,285,87,204,1,8.833,11.550,0.000
348,18,220,305,91,210,1,8.167,11.250,0.000
349,18,193,307,93,210,1,8.034,11.430,0.000
350,18,166,308,95,211,1,7.900,11.610,0.000
351,18,139,309,98,211,1,7.767,11.790,0.000
352,18,111,311,100,212,1,7.633,11.970,0.000
353,18,82,312,103,212,1,7.500,12.150,0.000
354,18,51,321,107,215,1,7.167,12.150,0.000
330,19,470,800,141,354,1,0.833,2.850,0.000
331,19,508,776,137,346,1,1.167,2.850,0.000
332,19,536,721,130,331,1,1.833,3.150,0.000
333,19,561,670,123,317,1,2.500,3.450,0.000
334,19,553,642,120,310,1,2.833,3.750,0.000
335,19,585,624,117,305,1,3.167,3.750,0.000
336,19,568,574,112,292,1,3.833,4.350,0.000
337,19,589,535,106,281,1,4.500,4.650,0.000
338,19,581,513,104,275,1,4.833,4.950,0.000
339,19,601,479,100,266,1,5.500,5.250,0.000
340,19,619,446,95,257,1,6.167,5.550,0.000
341,19,611,429,93,252,1,6.500,5.850,0.000
342,19,628,400,90,244,1,7.167,6.150,0.000
343,19,644,373,86,236,1,7.833,6.450,0.000
344,19,667,362,85,233,1,8.167,6.450,0.000
345,19,682,337,81,226,1,8.833,6.750,0.000
346,19,695,314,79,220,1,9.500,7.050,0.000
347,19,716,304,77,217,1,9.833,7.050,0.000
348,19,728,283,75,211,1,10.500,7.350,0.000
349,19,767,266,72,206,1,11.167,7.350,0.000
350,19,777,247,70,200,1,11.833,7.650,0.000
351,19,795,239,69,198,1,12.167,7.650,0.000
352,19,804,221,67,192,1,12.833,7.950,0.000
353,19,839,207,65,188,1,13.500,7.950,0.000
354,19,846,190,63,183,1,14.167,8.250,0.000
355,19,862,184,62,181,1,14.500,8.250,0.000
356,19,884,163,60,175,1,15.500,8.550,0.000
357,19,899,157,59,173,1,15.833,8.550,0.000
358,19,904,143,57,169,1,16.500,8.850,0.000
359,19,910,130,56,165,1,17.167,9.150,0.000
360,19,937,119,55,162,1,17.833,9.150,0.000
361,19,942,107,53,158,1,18.500,9.450,0.000
362,19,955,102,53,157,1,18.833,9.450,0.000
363,19,971,86,51,152,1,19.833,9.750,0.000
364,19,983,82,50,151,1,20.167,9.750,0.000
365,19,998,67,49,146,1,21.167,10.050,0.000
366,19,1010,63,48,145,1,21.500,10.050,0.000
367,19,1033,55,47,143,1,22.167,10.050,0.000
368,19,1044,50,47,141,1,22.500,10.050,0.000
369,19,1057,37,45,138,1,23.500,10.350,0.000
370,19,1067,34,45,137,1,23.833,10.350,0.000
371,19,1088,26,44,134,1,24.500,10.350,0.000
372,19,1108,19,43,133,1,25.167,10.350,0.000
373,19,1118,16,42,132,1,25.500,10.350,0.000
374,19,1137,9,41,130,1,26.167,10.350,0.000
375,19,1146,-1,40,127,1,27.167,10.650,0.000
376,19,1164,-8,40,125,1,27.833,10.650,0.000
377,19,1183,-7,40,125,1,27.833,10.350,0.000
331,20,357,206,73,182,1,11.833,12.750,0.000
332,20,398,193,70,178,1,12.500,12.750,0.000
333,20,391,258,78,197,1,10.167,10.950,0.000
334,20,366,255,78,196,1,10.167,11.250,0.000
335,20,320,271,82,200,1,9.500,11.250,0.000
336,20,298,303,87,210,1,8.500,10.650,0.000
337,20,298,303,87,210,1,8.500,10.650,0.000
338,20,274,338,92,219,1,7.500,10.050,0.000
339,20,275,352,94,223,1,7.167,9.750,0.000
340,20,218,388,101,233,1,6.167,9.450,0.000
341,20,218,403,103,238,1,5.833,9.150,0.000
342,20,155,427,110,245,1,5.167,9.150,0.000
343,20,119,456,117,253,1,4.500,8.850,0.000
331,21,775,84,52,149,1,19.167,12.150,0.000
332,21,768,95,54,153,1,18.500,11.850,0.000
333,21,753,100,54,154,1,18.167,11.850,0.000
334,21,732,99,54,153,1,18.167,12.150,0.000
335,21,720,86,53,149,1,18.833,12.750,0.000
336,21,730,117,56,159,1,17.167,11.550,0.000
337,21,718,104,55,155,1,17.833,12.150,0.000
331,22,1376,242,69,202,1,14.167,2.550,0.000
332,22,1409,219,68,195,1,15.167,2.550,0.000
333,22,1440,198,67,189,1,16.167,2.550,0.000
334,22,1471,157,64,177,1,18.167,2.850,0.000
335,22,1498,139,64,172,1,19.167,2.850,0.000
336,22,1515,127,64,169,1,19.833,2.850,0.000
337,22,1531,99,62,162,1,21.500,3.150,0.000
338,22,1562,78,62,157,1,22.833,3.150,0.000
339,22,1575,54,60,150,1,24.500,3.450,0.000
340,22,1603,36,60,147,1,25.833,3.450,0.000
332,23,671,750,128,339,1,1.833,2.250,0.000
333,23,658,718,125,330,1,2.167,2.550,0.000
334,23,678,667,119,318,1,2.833,2.850,0.000
335,23,667,639,116,310,1,3.167,3.150,0.000
336,23,685,595,111,299,1,3.833,3.450,0.000
337,23,703,554,106,288,1,4.500,3.750,0.000
338,23,692,531,104,282,1,4.833,4.050,0.000
339,23,681,510,101,276,1,5.167,4.350,0.000
340,23,698,475,97,267,1,5.833,4.650,0.000
341,23,713,443,93,258,1,6.500,4.950,0.000
342,23,727,413,89,250,1,7.167,5.250,0.000
343,23,717,397,88,245,1,7.500,5.550,0.000
344,23,730,370,84,237,1,8.167,5.850,0.000
345,23,764,334,80,227,1,9.167,6.150,0.000
346,23,775,311,77,220,1,9.833,6.450,0.000
347,23,785,289,75,213,1,10.500,6.750,0.000
348,23,805,280,73,211,1,10.833,6.750,0.000
349,23,814,260,71,205,1,11.500,7.050,0.000
350,23,832,252,70,203,1,11.833,7.050,0.000
351,23,850,244,69,200,1,12.167,7.050,0.000
352,23,858,226,67,195,1,12.833,7.350,0.000
353,23,891,211,65,190,1,13.500,7.350,0.000
354,23,897,195,63,185,1,14.167,7.650,0.000
355,23,913,188,62,183,1,14.500,7.650,0.000
356,23,934,167,60,177,1,15.500,7.950,0.000
357,23,948,161,59,175,1,15.833,7.950,0.000
358,23,953,147,57,171,1,16.500,8.250,0.000
359,23,967,141,57,169,1,16.833,8.250,0.000
360,23,984,123,55,163,1,17.833,8.550,0.000
361,23,997,118,54,162,1,18.167,8.550,0.000
362,23,1013,101,52,157,1,19.167,8.850,0.000
363,23,1026,93,51,154,1,19.691,8.936,0.000
364,23,1038,85,50,152,1,20.214,9.021,0.000
365,23,1051,77,49,150,1,20.738,9.107,0.000
366,23,1063,70,48,148,1,21.262,9.193,0.000
367,23,1074,63,48,146,1,21.786,9.279,0.000
368,23,1085,56,47,143,1,22.309,9.364,0.000
369,23,1096,49,46,141,1,22.833,9.450,0.000
370,23,1117,41,45,139,1,23.500,9.450,0.000
371,23,1128,29,43,136,1,24.500,9.750,0.000
372,23,1138,25,43,135,1,24.833,9.750,0.000
373,23,1147,13,42,131,1,25.833,10.050,0.000
335,24,493,210,70,184,1,12.167,11.250,0.000
336,24,476,227,72,189,1,11.500,10.950,0.000
337,24,435,242,75,193,1,10.833,10.950,0.000
338,24,413,250,76,195,1,10.500,10.950,0.000
339,24,371,277,81,203,1,9.500,10.650,0.000
340,24,349,298,84,208,1,8.833,10.350,0.000
341,24,323,294,85,207,1,8.833,10.650,0.000
342,24,273,312,89,212,1,8.167,10.650,0.000
343,24,219,331,94,217,1,7.500,10.650,0.000
344,24,162,350,100,223,1,6.833,10.650,0.000
345,24,130,375,106,230,1,6.167,10.350,0.000
346,24,64,396,115,236,1,5.500,10.350,0.000
347,24,24,424,122,245,1,4.833,10.050,0.000
348,24,-55,448,135,254,1,4.167,10.050,0.000
336,25,1039,-21,39,120,1,28.500,13.050,0.000
337,25,1028,-11,40,122,1,27.500,12.750,0.000
338,25,1008,-5,41,124,1,26.833,12.750,0.000
339,25,1008,-5,41,124,1,26.833,12.750,0.000
340,25,985,8,43,128,1,25.500,12.450,0.000
341,25,961,23,44,132,1,24.167,12.150,0.000
342,25,961,23,44,132,1,24.167,12.150,0.000
343,25,950,27,45,133,1,23.833,12.150,0.000
344,25,927,34,46,135,1,23.167,12.150,0.000
345,25,912,47,47,139,1,22.167,11.850,0.000
346,25,887,55,48,141,1,21.500,11.850,0.000
347,25,862,63,49,144,1,20.833,11.850,0.000
348,25,836,72,51,146,1,20.167,11.850,0.000
349,25,809,81,52,149,1,19.500,11.850,0.000
350,25,796,86,52,150,1,19.167,11.850,0.000
351,25,768,95,54,153,1,18.500,11.850,0.000
352,25,739,105,55,155,1,17.833,11.850,0.000
353,25,709,115,56,158,1,17.167,11.850,0.000
354,25,693,121,57,160,1,16.833,11.850,0.000
355,25,662,131,58,163,1,16.167,11.850,0.000
356,25,645,137,59,164,1,15.833,11.850,0.000
357,25,612,149,61,167,1,15.167,11.850,0.000
358,25,587,177,64,175,1,13.833,11.250,0.000
359,25,551,190,66,179,1,13.167,11.250,0.000
360,25,532,196,67,181,1,12.833,11.250,0.000
361,25,493,210,70,184,1,12.167,11.250,0.000
362,25,456,235,73,191,1,11.167,10.950,0.000
363,25,413,250,76,195,1,10.500,10.950,0.000
364,25,368,266,79,199,1,9.833,10.950,0.000
365,25,322,283,83,204,1,9.167,10.950,0.000
366,25,272,300,88,208,1,8.500,10.950,0.000
367,25,220,305,91,210,1,8.167,11.250,0.000
368,25,193,314,94,212,1,7.833,11.250,0.000
369,25,105,342,104,221,1,6.833,11.250,0.000
370,25,70,366,110,228,1,6.167,10.950,0.000
371,25,1,387,121,235,1,5.500,10.950,0.000
372,25,-70,392,131,238,1,5.167,11.250,0.000
340,26,602,134,59,163,1,15.833,12.450,0.000
341,26,590,147,61,166,1,15.167,12.150,0.000
342,26,560,167,64,172,1,14.167,11.850,0.000
343,26,524,179,66,175,1,13.500,11.850,0.000
344,26,509,194,68,180,1,12.833,11.550,0.000
345,26,493,210,70,184,1,12.167,11.250,0.000
346,26,493,210,70,184,1,12.167,11.250,0.000
347,26,476,227,72,189,1,11.500,10.950,0.000
348,26,432,232,74,190,1,11.167,11.250,0.000
349,26,410,240,75,192,1,10.833,11.250,0.000
350,26,389,247,77,194,1,10.500,11.250,0.000
351,26,344,263,80,198,1,9.833,11.250,0.000
352,26,347,286,83,205,1,9.167,10.650,0.000
353,26,323,294,85,207,1,8.833,10.650,0.000
354,26,299,316,88,213,1,8.167,10.350,0.000
355,26,273,325,90,216,1,7.833,10.350,0.000
356,26,247,335,93,218,1,7.500,10.350,0.000
357,26,219,358,97,225,1,6.833,10.050,0.000
358,26,190,368,101,228,1,6.500,10.050,0.000
359,26,159,379,104,231,1,6.167,10.050,0.000
360,26,128,390,108,234,1,5.833,10.050,0.000
361,26,95,401,112,237,1,5.500,10.050,0.000
362,26,60,412,117,241,1,5.167,10.050,0.000
363,26,24,424,122,245,1,4.833,10.050,0.000
364,26,-19,453,131,255,1,4.167,9.750,0.000
365,26,-25,472,134,260,1,3.833,9.450,0.000
366,26,-69,485,141,265,1,3.500,9.450,0.000
345,27,1024,544,94,289,1,5.500,1.950,0.000
346,27,1069,513,91,281,1,6.167,1.950,0.000
347,27,1111,483,88,273,1,6.833,1.950,0.000
348,27,1131,437,83,260,1,7.833,2.250,0.000
349,27,1184,399,81,249,1,8.833,2.250,0.000
350,27,1201,388,80,246,1,9.167,2.250,0.000
351,27,1215,350,76,235,1,10.167,2.550,0.000
352,27,1264,344,77,233,1,10.500,2.250,0.000
353,27,1274,311,74,222,1,11.500,2.550,0.000
354,27,1320,305,74,221,1,11.833,2.250,0.000
355,27,1346,287,73,215,1,12.500,2.250,0.000
356,27,1370,270,72,210,1,13.167,2.250,0.000
357,27,1394,253,71,205,1,13.833,2.250,0.000
358,27,1428,230,70,198,1,14.833,2.250,0.000
359,27,1449,215,69,194,1,15.500,2.250,0.000
360,27,1469,200,69,190,1,16.167,2.250,0.000
361,27,1488,187,68,186,1,16.833,2.250,0.000
352,28,1828,106,91,177,1,21.500,-0.150,0.000
353,28,1808,125,91,180,1,20.500,-0.150,0.000
354,28,1801,132,90,182,1,20.167,-0.150,0.000
355,28,1787,145,90,184,1,19.500,-0.150,0.000
356,28,1780,152,90,186,1,19.167,-0.150,0.000
357,28,1772,159,89,187,1,18.833,-0.150,0.000
358,28,1757,173,89,190,1,18.167,-0.150,0.000
359,28,1742,188,89,193,1,17.500,-0.150,0.000
360,28,1726,203,88,197,1,16.833,-0.150,0.000
361,28,1735,228,92,204,1,15.833,-0.450,0.000
362,28,1718,245,92,208,1,15.167,-0.450,0.000
363,28,1710,254,92,210,1,14.833,-0.450,0.000
364,28,1692,271,92,214,1,14.167,-0.450,0.000
365,28,1683,280,92,217,1,13.833,-0.450,0.000
366,28,1665,299,92,222,1,13.167,-0.450,0.000
367,28,1645,319,93,227,1,12.500,-0.450,0.000
368,28,1635,329,93,229,1,12.167,-0.450,0.000
369,28,1615,350,93,235,1,11.500,-0.450,0.000
370,28,1604,360,94,238,1,11.167,-0.450,0.000
371,28,1593,372,94,241,1,10.833,-0.450,0.000
372,28,1570,395,95,248,1,10.167,-0.450,0.000
373,28,1559,406,96,251,1,9.833,-0.450,0.000
374,28,1534,431,97,258,1,9.167,-0.450,0.000
375,28,1521,444,98,262,1,8.833,-0.450,0.000
376,28,1495,472,100,269,1,8.167,-0.450,0.000
377,28,1494,522,106,284,1,7.167,-0.750,0.000
378,28,1448,571,109,297,1,6.167,-0.750,0.000
379,28,1444,632,116,315,1,5.167,-1.050,0.000
380,28,1427,652,117,320,1,4.833,-1.050,0.000
381,28,1391,693,120,331,1,4.167,-1.050,0.000
382,28,1351,738,123,344,1,3.500,-1.050,0.000
383,28,1331,762,124,350,1,3.167,-1.050,0.000
384,28,1309,786,126,357,1,2.833,-1.050,0.000
354,29,1331,762,124,350,1,3.167,-1.050,0.000
355,29,1351,738,123,344,1,3.500,-1.050,0.000
356,29,1391,693,120,331,1,4.167,-1.050,0.000
357,29,1409,672,119,326,1,4.500,-1.050,0.000
358,29,1444,632,116,315,1,5.167,-1.050,0.000
359,29,1477,595,114,305,1,5.833,-1.050,0.000
360,29,1493,577,112,300,1,6.167,-1.050,0.000
361,29,1523,544,110,290,1,6.833,-1.050,0.000
362,29,1551,512,108,281,1,7.500,-1.050,0.000
363,29,1577,483,106,273,1,8.167,-1.050,0.000
364,29,1602,455,105,265,1,8.833,-1.050,0.000
365,29,1626,428,103,258,1,9.500,-1.050,0.000
366,29,1648,403,102,251,1,10.167,-1.050,0.000
354,30,1235,265,68,209,1,12.833,3.450,0.000
355,30,1207,281,69,214,1,12.167,3.450,0.000
356,30,1178,299,70,219,1,11.500,3.450,0.000
357,30,1179,322,72,226,1,10.833,3.150,0.000
358,30,1147,342,74,232,1,10.167,3.150,0.000
359,30,1130,352,75,235,1,9.833,3.150,0.000
360,30,1113,363,76,238,1,9.500,3.150,0.000
361,30,1077,385,78,245,1,8.833,3.150,0.000
362,30,1058,397,80,248,1,8.500,3.150,0.000
363,30,998,434,85,259,1,7.500,3.150,0.000
364,30,993,466,88,268,1,6.833,2.850,0.000
365,30,948,495,92,275,1,6.167,2.850,0.000
366,30,901,525,96,283,1,5.500,2.850,0.000
367,30,891,564,101,293,1,4.833,2.550,0.000
368,30,839,599,106,302,1,4.167,2.550,0.000
369,30,811,617,109,306,1,3.833,2.550,0.000
370,30,797,664,114,318,1,3.167,2.250,0.000
371,30,736,705,121,328,1,2.500,2.250,0.000
372,30,671,750,128,339,1,1.833,2.250,0.000
373,30,636,773,132,345,1,1.500,2.250,0.000
374,30,601,797,136,352,1,1.167,2.250,0.000
355,31,1762,430,117,262,1,9.833,-1.950,0.000
356,31,1752,443,118,265,1,9.500,-1.950,0.000
357,31,1741,457,118,269,1,9.167,-1.950,0.000
358,31,1720,485,119,277,1,8.500,-1.950,0.000
359,31,1697,515,120,285,1,7.833,-1.950,0.000
360,31,1733,537,126,293,1,7.500,-2.250,0.000
361,31,1721,554,127,298,1,7.167,-2.250,0.000
362,31,1709,571,128,303,1,6.833,-2.250,0.000
363,31,1697,588,128,308,1,6.500,-2.250,0.000
364,31,1684,606,129,313,1,6.167,-2.250,0.000
365,31,1671,625,130,318,1,5.833,-2.250,0.000
366,31,1657,645,131,324,1,5.500,-2.250,0.000
360,32,547,143,61,165,1,15.167,12.750,0.000
361,32,577,125,59,160,1,16.167,13.050,0.000
362,32,593,120,58,158,1,16.500,13.050,0.000
363,32,625,109,56,155,1,17.167,13.050,0.000
364,32,640,104,56,154,1,17.500,13.050,0.000
365,32,671,95,54,151,1,18.167,13.050,0.000
366,32,671,95,54,151,1,18.167,13.050,0.000
367,32,700,85,53,149,1,18.833,13.050,0.000
368,32,714,80,52,148,1,19.167,13.050,0.000
369,32,750,62,50,142,1,20.500,13.350,0.000
370,32,763,57,50,141,1,20.833,13.350,0.000
371,32,789,49,48,139,1,21.500,13.350,0.000
372,32,809,50,48,139,1,21.500,13.050,0.000
373,32,834,42,47,137,1,22.167,13.050,0.000
374,32,853,43,47,138,1,22.167,12.750,0.000
375,32,865,40,47,137,1,22.500,12.750,0.000
376,32,877,36,46,135,1,22.833,12.750,0.000
377,32,901,28,45,133,1,23.500,12.750,0.000
378,32,912,25,45,132,1,23.833,12.750,0.000
379,32,923,21,45,131,1,24.167,12.750,0.000
380,32,935,17,44,130,1,24.500,12.750,0.000
381,32,946,14,44,129,1,24.833,12.750,0.000
382,32,958,7,43,127,1,25.500,12.900,0.000
383,32,970,0,42,125,1,26.167,13.050,0.000
384,32,980,-3,42,124,1,26.500,13.050,0.000
385,32,990,-6,41,124,1,26.833,13.050,0.000
386,32,1003,-6,41,124,1,26.875,12.863,0.000
387,32,1015,-6,41,124,1,26.916,12.675,0.000
388,32,1028,-5,41,124,1,26.958,12.488,0.000
389,32,1040,-5,41,124,1,27.000,12.300,0.000
390,32,1053,-5,41,125,1,27.042,12.113,0.000
391,32,1065,-5,41,125,1,27.084,11.925,0.000
392,32,1078,-5,41,125,1,27.125,11.738,0.000
393,32,1090,-4,41,125,1,27.167,11.550,0.000
394,32,1090,2,41,127,1,26.500,11.250,0.000
395,32,1090,2,41,127,1,26.500,11.250,0.000
396,32,1109,3,41,128,1,26.500,10.950,0.000
397,32,1108,11,42,130,1,25.833,10.650,0.000
398,32,1108,11,42,130,1,25.833,10.650,0.000
361,33,1819,215,101,204,1,16.500,-1.050,0.000
362,33,1824,251,106,214,1,15.167,-1.350,0.000
363,33,1824,251,106,214,1,15.167,-1.350,0.000
364,33,1816,260,106,216,1,14.833,-1.350,0.000
365,33,1791,288,105,223,1,13.833,-1.350,0.000
366,33,1795,331,111,235,1,12.500,-1.650,0.000
367,33,1795,331,111,235,1,12.500,-1.650,0.000
368,33,1777,353,111,240,1,11.833,-1.650,0.000
369,33,1768,364,111,243,1,11.500,-1.650,0.000
370,33,1739,400,111,252,1,10.500,-1.650,0.000
371,33,1688,408,107,253,1,10.167,-1.350,0.000
372,33,1666,433,107,260,1,9.500,-1.350,0.000
373,33,1644,460,109,268,1,8.833,-1.350,0.000
374,33,1620,488,110,275,1,8.167,-1.350,0.000
375,33,1564,497,107,277,1,7.833,-1.050,0.000
376,33,1551,512,108,281,1,7.500,-1.050,0.000
377,33,1537,528,109,286,1,7.167,-1.050,0.000
378,33,1523,544,110,290,1,6.833,-1.050,0.000
379,33,1508,560,111,295,1,6.500,-1.050,0.000
380,33,1493,577,112,300,1,6.167,-1.050,0.000
381,33,1477,595,114,305,1,5.833,-1.050,0.000
382,33,1461,613,115,310,1,5.500,-1.050,0.000
365,34,1561,450,101,263,1,8.833,-0.750,0.000
366,34,1559,406,96,251,1,9.833,-0.450,0.000
367,34,1545,379,92,243,1,10.500,-0.150,0.000
368,34,1545,379,92,243,1,10.500,-0.150,0.000
369,34,1532,352,88,235,1,11.167,0.150,0.000
370,34,1554,332,87,229,1,11.833,0.150,0.000
371,34,1531,318,84,225,1,12.167,0.450,0.000
365,35,715,122,57,160,1,16.833,11.550,0.000
366,35,732,99,54,153,1,18.167,12.150,0.000
367,35,755,83,52,149,1,19.167,12.450,0.000
368,35,775,84,52,149,1,19.167,12.150,0.000
369,35,796,86,52,150,1,19.167,11.850,0.000
370,35,803,92,53,152,1,18.833,11.550,0.000
371,35,817,87,52,151,1,19.167,11.550,0.000
372,35,844,78,51,148,1,19.833,11.550,0.000
373,35,877,75,50,147,1,20.167,11.250,0.000
374,35,890,70,50,146,1,20.500,11.250,0.000
375,35,907,56,48,142,1,21.500,11.550,0.000
376,35,919,52,48,141,1,21.833,11.550,0.000
377,35,935,39,46,137,1,22.833,11.850,0.000
378,35,950,27,45,133,1,23.833,12.150,0.000
379,35,961,23,44,132,1,24.167,12.150,0.000
380,35,969,28,45,134,1,23.833,11.850,0.000
381,35,983,16,44,130,1,24.833,12.150,0.000
382,35,1002,17,44,131,1,24.833,11.850,0.000
383,35,1012,14,43,130,1,25.167,11.850,0.000
384,35,1024,2,42,127,1,26.167,12.150,0.000
385,35,1034,0,41,126,1,26.500,12.150,0.000
386,35,1044,-3,41,125,1,26.833,12.150,0.000
387,35,1055,-13,40,122,1,27.833,12.450,0.000
388,35,1065,-16,40,121,1,28.167,12.450,0.000
389,35,1080,-17,39,121,1,28.278,12.250,0.000
390,35,1095,-17,39,121,1,28.389,12.050,0.000
391,35,1109,-18,39,121,1,28.500,11.850,0.000
392,35,1109,-11,40,123,1,27.833,11.550,0.000
393,35,1123,-8,40,124,1,27.666,11.250,0.000
394,35,1137,-6,40,125,1,27.500,10.950,0.000
395,35,1148,-5,40,125,1,27.500,10.770,0.000
396,35,1159,-4,40,126,1,27.500,10.590,0.000
397,35,1170,-4,40,126,1,27.500,10.410,0.000
398,35,1181,-3,41,126,1,27.500,10.230,0.000
399,35,1192,-3,41,127,1,27.500,10.050,0.000
400,35,1204,-2,41,127,1,27.500,9.870,0.000
401,35,1215,-1,41,127,1,27.500,9.690,0.000
402,35,1226,-1,42,128,1,27.500,9.510,0.000
403,35,1237,0,42,128,1,27.500,9.330,0.000
404,35,1249,0,42,128,1,27.500,9.150,0.000
368,36,1586,79,63,158,1,22.833,2.850,0.000
369,36,1596,91,65,161,1,22.167,2.550,0.000
370,36,1611,80,65,159,1,22.833,2.550,0.000
371,36,1615,60,64,154,1,24.167,2.850,0.000
372,36,1622,55,64,153,1,24.500,2.850,0.000
373,36,1629,50,64,152,1,24.833,2.850,0.000
374,36,1636,46,64,151,1,25.167,2.850,0.000
375,36,1649,36,64,149,1,25.833,2.850,0.000
376,36,1652,19,63,144,1,27.167,3.150,0.000
377,36,1664,10,63,143,1,27.833,3.150,0.000
378,36,1671,6,63,142,1,28.167,3.150,0.000
379,36,1683,-1,64,141,1,28.833,3.150,0.000
380,36,1695,-10,64,139,1,29.500,3.150,0.000
372,37,1583,753,137,357,1,3.833,-2.250,0.000
373,37,1599,729,136,350,1,4.167,-2.250,0.000
374,37,1656,739,141,357,1,4.167,-2.550,0.000
375,37,1614,707,134,343,1,4.500,-2.250,0.000
376,37,1629,686,133,336,1,4.833,-2.250,0.000
377,37,1684,695,139,342,1,4.833,-2.550,0.000
378,37,1711,653,137,329,1,5.500,-2.550,0.000
379,37,1724,633,136,323,1,5.833,-2.550,0.000
380,37,1736,614,135,318,1,6.167,-2.550,0.000
373,38,1596,293,86,218,1,13.167,0.150,0.000
374,38,1625,266,85,211,1,14.167,0.150,0.000
375,38,1643,249,85,207,1,14.833,0.150,0.000
376,38,1638,222,82,199,1,15.833,0.450,0.000
377,38,1647,215,82,197,1,16.167,0.450,0.000
378,38,1655,207,81,195,1,16.500,0.450,0.000
379,38,1664,200,82,194,1,16.833,0.450,0.000
380,38,1680,185,82,190,1,17.500,0.450,0.000
381,38,1688,178,82,188,1,17.833,0.450,0.000
382,38,1734,165,85,187,1,18.500,0.150,0.000
383,38,1749,152,86,184,1,19.167,0.150,0.000
384,38,1787,145,90,184,1,19.500,-0.150,0.000
385,38,1801,132,90,182,1,20.167,-0.150,0.000
386,38,1839,125,95,182,1,20.500,-0.450,0.000
387,38,1852,112,96,180,1,21.167,-0.450,0.000
374,39,802,31,47,134,1,22.833,13.950,0.000
375,39,790,22,46,131,1,23.500,14.550,0.000
376,39,796,40,47,136,1,22.167,13.650,0.000
377,39,796,54,49,140,1,21.167,13.050,0.000
378,39,777,53,49,140,1,21.167,13.350,0.000
379,39,763,57,50,141,1,20.833,13.350,0.000
380,39,770,63,50,143,1,20.500,13.050,0.000
381,39,762,71,51,145,1,19.958,12.825,0.000
382,39,755,79,52,148,1,19.417,12.600,0.000
383,39,747,87,53,150,1,18.875,12.375,0.000
384,39,740,96,54,153,1,18.334,12.150,0.000
385,39,731,105,55,155,1,17.792,11.925,0.000
386,39,723,115,56,158,1,17.250,11.700,0.000
387,39,714,125,57,161,1,16.709,11.475,0.000
388,39,705,135,58,164,1,16.167,11.250,0.000
389,39,705,135,58,164,1,16.167,11.250,0.000
390,39,695,148,60,168,1,15.500,10.950,0.000
377,40,1015,44,46,139,1,22.833,10.650,0.000
378,40,1035,45,46,140,1,22.833,10.350,0.000
379,40,1058,29,44,135,1,24.167,10.650,0.000
380,40,1078,21,43,133,1,24.833,10.650,0.000
381,40,1089,10,42,130,1,25.833,10.950,0.000
382,40,1099,7,42,129,1,26.167,10.950,0.000
383,40,1118,0,41,127,1,26.833,10.950,0.000
384,40,1137,-6,40,125,1,27.500,10.950,0.000
385,40,1146,-9,40,124,1,27.833,10.950,0.000
386,40,1163,-15,39,123,1,28.500,10.950,0.000
387,40,1181,-21,39,121,1,29.167,10.950,0.000
378,41,1774,189,93,195,1,17.500,-0.450,0.000
379,41,1777,222,96,204,1,16.167,-0.750,0.000
380,41,1743,220,92,202,1,16.167,-0.450,0.000
381,41,1727,237,92,206,1,15.500,-0.450,0.000
382,41,1718,245,92,208,1,15.167,-0.450,0.000
383,41,1676,251,88,208,1,14.833,-0.150,0.000
384,41,1667,260,88,210,1,14.500,-0.150,0.000
385,41,1649,278,88,215,1,13.833,-0.150,0.000
386,41,1616,275,85,214,1,13.833,0.150,0.000
387,41,1573,281,83,215,1,13.500,0.450,0.000
388,41,1552,299,83,220,1,12.833,0.450,0.000
389,41,1519,295,81,218,1,12.833,0.750,0.000
390,41,1497,314,82,224,1,12.167,0.750,0.000
391,41,1463,311,80,222,1,12.167,1.050,0.000
392,41,1451,320,81,225,1,11.833,1.050,0.000
393,41,1439,330,81,228,1,11.500,1.050,0.000
394,41,1406,326,80,227,1,11.500,1.350,0.000
395,41,1393,336,80,230,1,11.167,1.350,0.000
396,41,1380,346,81,233,1,10.833,1.350,0.000
397,41,1366,357,82,236,1,10.500,1.350,0.000
398,41,1366,357,82,236,1,10.500,1.350,0.000
399,41,1366,357,82,236,1,10.500,1.350,0.000
400,41,1352,368,82,239,1,10.167,1.350,0.000
401,41,1352,368,82,239,1,10.167,1.350,0.000
402,41,1338,379,83,243,1,9.833,1.350,0.000
403,41,1338,379,83,243,1,9.833,1.350,0.000
404,41,1324,390,84,246,1,9.500,1.350,0.000
405,41,1309,402,85,249,1,9.167,1.350,0.000
406,41,1293,414,85,253,1,8.833,1.350,0.000
407,41,1256,409,84,252,1,8.833,1.650,0.000
408,41,1240,421,85,255,1,8.500,1.650,0.000
409,41,1206,447,86,263,1,7.833,1.650,0.000
410,41,1168,442,85,261,1,7.833,1.950,0.000
388,42,1632,474,109,271,1,8.500,-1.350,0.000
389,42,1675,480,114,274,1,8.500,-1.650,0.000
390,42,1655,447,108,264,1,9.167,-1.350,0.000
391,42,1698,452,113,266,1,9.167,-1.650,0.000
392,42,1677,420,107,257,1,9.833,-1.350,0.000
393,42,1719,425,112,259,1,9.833,-1.650,0.000
394,42,1729,412,112,256,1,10.167,-1.650,0.000
395,42,1739,400,111,252,1,10.500,-1.650,0.000
396,42,1759,376,111,246,1,11.167,-1.650,0.000
397,42,1768,364,111,243,1,11.500,-1.650,0.000
398,42,1818,356,117,243,1,11.833,-1.950,0.000
399,42,1827,345,117,240,1,12.167,-1.950,0.000
389,43,1620,306,89,222,1,12.833,-0.150,0.000
390,43,1600,325,90,228,1,12.167,-0.150,0.000
391,43,1554,332,87,229,1,11.833,0.150,0.000
392,43,1519,328,85,228,1,11.833,0.450,0.000
393,43,1532,352,88,235,1,11.167,0.150,0.000
394,43,1496,348,86,234,1,11.167,0.450,0.000
395,43,1496,348,86,234,1,11.167,0.450,0.000
396,43,1484,359,87,237,1,10.833,0.450,0.000
397,43,1472,370,87,240,1,10.500,0.450,0.000
398,43,1472,370,87,240,1,10.500,0.450,0.000
399,43,1459,381,88,243,1,10.167,0.450,0.000
400,43,1459,381,88,243,1,10.167,0.450,0.000
401,43,1446,393,89,246,1,9.833,0.450,0.000
402,43,1433,404,89,250,1,9.500,0.450,0.000
403,43,1419,416,90,253,1,9.167,0.450,0.000
394,44,1662,343,97,234,1,11.833,-0.750,0.000
395,44,1709,336,101,233,1,12.167,-1.050,0.000
396,44,1689,357,101,239,1,11.500,-1.050,0.000
397,44,1669,380,102,245,1,10.833,-1.050,0.000
398,44,1659,391,102,248,1,10.500,-1.050,0.000
399,44,1677,420,107,257,1,9.833,-1.350,0.000
400,44,1677,420,107,257,1,9.833,-1.350,0.000
401,44,1655,447,108,264,1,9.167,-1.350,0.000
402,44,1644,460,109,268,1,8.833,-1.350,0.000
403,44,1620,488,110,275,1,8.167,-1.350,0.000
404,44,1639,525,116,286,1,7.500,-1.650,0.000
405,44,1626,541,117,291,1,7.167,-1.650,0.000
406,44,1613,557,117,296,1,6.833,-1.650,0.000
407,44,1600,574,118,300,1,6.500,-1.650,0.000
408,44,1571,610,121,310,1,5.833,-1.650,0.000
409,44,1556,629,122,316,1,5.500,-1.650,0.000
410,44,1541,648,123,321,1,5.167,-1.650,0.000
411,44,1509,689,126,333,1,4.500,-1.650,0.000
412,44,1492,711,127,339,1,4.167,-1.650,0.000
413,44,1456,757,130,353,1,3.500,-1.650,0.000
414,44,1437,781,131,360,1,3.167,-1.650,0.000
415,44,1383,771,128,355,1,3.167,-1.350,0.000
416,44,1363,796,129,362,1,2.833,-1.350,0.000
395,45,1652,353,97,237,1,11.500,-0.750,0.000
396,45,1615,350,93,235,1,11.500,-0.450,0.000
397,45,1593,372,94,241,1,10.833,-0.450,0.000
398,45,1597,411,99,253,1,9.833,-0.750,0.000
399,45,1586,424,100,256,1,9.500,-0.750,0.000
400,45,1574,436,101,260,1,9.167,-0.750,0.000
401,45,1574,436,101,260,1,9.167,-0.750,0.000
402,45,1548,463,102,267,1,8.500,-0.750,0.000
403,45,1564,497,107,277,1,7.833,-1.050,0.000
404,45,1551,512,108,281,1,7.500,-1.050,0.000
405,45,1523,544,110,290,1,6.833,-1.050,0.000
406,45,1508,560,111,295,1,6.500,-1.050,0.000
407,45,1493,577,112,300,1,6.167,-1.050,0.000
408,45,1477,595,114,305,1,5.833,-1.050,0.000
409,45,1444,632,116,315,1,5.167,-1.050,0.000
410,45,1458,681,122,329,1,4.500,-1.350,0.000
411,45,1440,702,124,335,1,4.167,-1.350,0.000
412,45,1403,747,126,348,1,3.500,-1.350,0.000
413,45,1383,771,128,355,1,3.167,-1.350,0.000
414,45,1331,762,124,350,1,3.167,-1.050,0.000
415,45,1309,786,126,357,1,2.833,-1.050,0.000
396,46,1016,-1,42,125,1,26.500,12.450,0.000
397,46,1010,22,44,132,1,24.500,11.550,0.000
398,46,977,33,45,135,1,23.500,11.550,0.000
399,46,958,31,45,135,1,23.500,11.850,0.000
400,46,935,39,46,137,1,22.833,11.850,0.000
401,46,912,47,47,139,1,22.167,11.850,0.000
402,46,900,51,48,140,1,21.833,11.850,0.000
403,46,882,65,49,144,1,20.833,11.550,0.000
404,46,857,73,50,147,1,20.167,11.550,0.000
405,46,844,78,51,148,1,19.833,11.550,0.000
406,46,817,87,52,151,1,19.167,11.550,0.000
407,46,803,92,53,152,1,18.833,11.550,0.000
408,46,768,95,54,153,1,18.500,11.850,0.000
409,46,753,100,54,154,1,18.167,11.850,0.000
410,46,732,99,54,153,1,18.167,12.150,0.000
411,46,712,97,54,153,1,18.167,12.450,0.000
412,46,682,107,56,155,1,17.500,12.450,0.000
413,46,666,112,56,157,1,17.167,12.450,0.000
399,47,1774,308,105,227,1,13.167,-1.350,0.000
400,47,1765,318,105,230,1,12.833,-1.350,0.000
401,47,1754,286,100,220,1,13.833,-1.050,0.000
402,47,1763,276,100,218,1,14.167,-1.050,0.000
403,47,1752,247,96,210,1,15.167,-0.750,0.000
404,47,1744,256,96,212,1,14.833,-0.750,0.000
405,47,1752,247,96,210,1,15.167,-0.750,0.000
406,47,1743,220,92,202,1,16.167,-0.450,0.000
407,47,1751,212,92,200,1,16.500,-0.450,0.000
408,47,1742,188,89,193,1,17.500,-0.150,0.000
409,47,1742,188,89,193,1,17.500,-0.150,0.000
410,47,1726,172,85,188,1,18.167,0.150,0.000
411,47,1711,157,82,184,1,18.833,0.450,0.000
412,47,1697,143,79,179,1,19.500,0.750,0.000
413,47,1676,136,76,176,1,19.833,1.050,0.000
414,47,1676,136,76,176,1,19.833,1.050,0.000
415,47,1664,123,74,172,1,20.500,1.350,0.000
416,47,1651,110,71,168,1,21.167,1.650,0.000
417,47,1640,98,69,165,1,21.833,1.950,0.000
418,47,1636,81,67,160,1,22.833,2.250,0.000
419,47,1636,81,67,160,1,22.833,2.250,0.000
420,47,1632,65,66,156,1,23.833,2.550,0.000
421,47,1639,60,66,155,1,24.167,2.550,0.000
422,47,1646,55,66,154,1,24.500,2.550,0.000
423,47,1660,46,66,152,1,25.167,2.550,0.000
424,47,1673,37,66,150,1,25.833,2.550,0.000
425,47,1679,32,67,149,1,26.167,2.550,0.000
406,48,462,440,98,252,1,5.833,6.750,0.000
407,48,489,427,96,249,1,6.167,6.750,0.000
408,48,540,403,92,243,1,6.833,6.750,0.000
409,48,583,365,86,233,1,7.833,7.050,0.000
410,48,607,354,85,230,1,8.167,7.050,0.000
411,48,652,333,82,225,1,8.833,7.050,0.000
412,48,674,324,80,222,1,9.167,7.050,0.000
413,48,708,292,76,213,1,10.167,7.350,0.000
414,48,748,274,73,208,1,10.833,7.350,0.000
415,48,758,255,71,202,1,11.500,7.650,0.000
416,48,795,239,69,198,1,12.167,7.650,0.000
417,48,831,223,67,194,1,12.833,7.650,0.000
418,48,865,209,65,189,1,13.500,7.650,0.000
419,48,924,197,63,186,1,14.167,7.350,0.000
420,48,950,200,63,187,1,14.167,7.050,0.000
421,48,981,186,61,183,1,14.833,7.050,0.000
422,48,1010,173,59,180,1,15.500,7.050,0.000
423,48,1024,167,59,178,1,15.833,7.050,0.000
424,48,1038,161,58,176,1,16.167,7.050,0.000
425,48,1065,149,56,172,1,16.833,7.050,0.000
426,48,1091,138,55,169,1,17.500,7.050,0.000
427,48,1104,132,54,167,1,17.833,7.050,0.000
428,48,1116,115,52,162,1,18.833,7.350,0.000
429,48,1140,105,51,159,1,19.500,7.350,0.000
430,48,1163,95,50,156,1,20.167,7.350,0.000
431,48,1174,90,49,155,1,20.500,7.350,0.000
432,48,1195,81,49,152,1,21.167,7.350,0.000
433,48,1204,66,47,147,1,22.167,7.650,0.000
434,48,1214,62,47,146,1,22.500,7.650,0.000
435,48,1221,48,46,142,1,23.500,7.950,0.000
436,48,1231,44,46,141,1,23.833,7.950,0.000
437,48,1229,35,45,138,1,24.500,8.250,0.000
438,48,1227,26,44,136,1,25.167,8.550,0.000
439,48,1236,23,44,135,1,25.500,8.550,0.000
440,48,1234,14,43,132,1,26.167,8.850,0.000
441,48,1240,3,42,129,1,27.167,9.150,0.000
442,48,1257,-3,42,127,1,27.833,9.150,0.000
443,48,1265,-6,42,127,1,28.167,9.150,0.000
410,49,1804,232,101,208,1,15.833,-1.050,0.000
411,49,1785,214,97,202,1,16.500,-0.750,0.000
412,49,1750,181,89,192,1,17.833,-0.150,0.000
413,49,1734,165,85,187,1,18.500,0.150,0.000
414,49,1719,151,82,182,1,19.167,0.450,0.000
415,49,1719,151,82,182,1,19.167,0.450,0.000
416,49,1712,130,79,177,1,20.167,0.750,0.000
417,49,1719,124,80,175,1,20.500,0.750,0.000
418,49,1706,111,77,171,1,21.167,1.050,0.000
410,50,1158,35,44,138,1,24.167,9.150,0.000
411,50,1138,43,45,140,1,23.500,9.150,0.000
412,50,1117,50,46,142,1,22.833,9.150,0.000
413,50,1096,59,47,144,1,22.167,9.150,0.000
414,50,1085,63,47,146,1,21.833,9.150,0.000
415,50,1061,82,50,151,1,20.500,8.850,0.000
416,50,1049,86,50,153,1,20.167,8.850,0.000
417,50,1025,96,51,155,1,19.500,8.850,0.000
418,50,1000,106,53,158,1,18.833,8.850,0.000
419,50,984,123,55,163,1,17.833,8.550,0.000
420,50,957,134,56,167,1,17.167,8.550,0.000
421,50,943,139,57,168,1,16.833,8.550,0.000
422,50,899,157,59,173,1,15.833,8.550,0.000
423,50,869,169,61,177,1,15.167,8.550,0.000
424,50,837,182,62,181,1,14.500,8.550,0.000
425,50,821,188,63,182,1,14.167,8.550,0.000
426,50,787,202,65,186,1,13.500,8.550,0.000
427,50,752,216,67,190,1,12.833,8.550,0.000
428,50,719,236,70,196,1,12.000,8.400,0.000
429,50,685,257,72,202,1,11.167,8.250,0.000
430,50,645,274,75,207,1,10.500,8.250,0.000
431,50,624,283,76,209,1,10.167,8.250,0.000
432,50,559,310,80,216,1,9.167,8.250,0.000
433,50,519,343,85,225,1,8.167,7.950,0.000
434,50,495,354,86,228,1,7.833,7.950,0.000
435,50,445,375,90,233,1,7.167,7.950,0.000
436,50,393,398,94,238,1,6.500,7.950,0.000
437,50,338,421,99,244,1,5.833,7.950,0.000
438,50,279,446,105,251,1,5.167,7.950,0.000
439,50,216,472,111,258,1,4.500,7.950,0.000
440,50,147,500,119,266,1,3.833,7.950,0.000
441,50,110,514,124,270,1,3.500,7.950,0.000
442,50,30,544,136,281,1,2.833,7.950,0.000
443,50,-21,583,146,294,1,2.167,7.650,0.000
412,51,207,740,145,340,1,0.833,4.650,0.000
413,51,250,749,144,342,1,0.833,4.350,0.000
414,51,331,705,135,326,1,1.500,4.350,0.000
415,51,365,656,128,312,1,2.167,4.650,0.000
416,51,396,612,121,299,1,2.833,4.950,0.000
417,51,430,594,118,295,1,3.167,4.950,0.000
418,51,462,577,115,291,1,3.500,4.950,0.000
419,51,487,538,109,280,1,4.167,5.250,0.000
420,51,545,507,104,273,1,4.833,5.250,0.000
421,51,566,473,100,264,1,5.500,5.550,0.000
422,51,619,446,95,257,1,6.167,5.550,0.000
423,51,636,416,91,249,1,6.833,5.850,0.000
424,51,661,404,90,246,1,7.167,5.850,0.000
425,51,708,381,86,240,1,7.833,5.850,0.000
426,51,721,355,83,232,1,8.500,6.150,0.000
427,51,764,334,80,227,1,9.167,6.150,0.000
428,51,805,314,77,221,1,9.833,6.150,0.000
429,51,815,292,74,215,1,10.500,6.450,0.000
430,51,853,275,72,210,1,11.167,6.450,0.000
431,51,871,266,71,207,1,11.500,6.450,0.000
432,51,889,258,70,205,1,11.833,6.450,0.000
433,51,913,231,67,197,1,12.833,6.750,0.000
434,51,929,224,66,195,1,13.167,6.750,0.000
435,51,961,209,64,190,1,13.833,6.750,0.000
436,51,977,202,63,188,1,14.167,6.750,0.000
437,51,1007,189,61,184,1,14.833,6.750,0.000
438,51,1036,176,59,180,1,15.500,6.750,0.000
439,51,1050,169,58,179,1,15.833,6.750,0.000
440,51,1077,157,57,175,1,16.500,6.750,0.000
441,51,1090,151,56,173,1,16.833,6.750,0.000
442,51,1116,140,55,170,1,17.500,6.750,0.000
443,51,1141,129,53,166,1,18.167,6.750,0.000
444,51,1153,124,53,165,1,18.500,6.750,0.000
445,51,1176,113,52,162,1,19.167,6.750,0.000
446,51,1186,97,50,157,1,20.167,7.050,0.000
447,51,1196,92,50,155,1,20.500,7.050,0.000
448,51,1217,83,49,153,1,21.167,7.050,0.000
449,51,1215,72,48,149,1,21.833,7.350,0.000
450,51,1235,63,48,147,1,22.500,7.350,0.000
415,52,1149,424,82,256,1,8.167,2.250,0.000
416,52,1149,424,82,256,1,8.167,2.250,0.000
417,52,1149,395,79,248,1,8.833,2.550,0.000
418,52,1149,424,82,256,1,8.167,2.250,0.000
419,52,1149,424,82,256,1,8.167,2.250,0.000
420,52,1149,424,82,256,1,8.167,2.250,0.000
421,52,1149,424,82,256,1,8.167,2.250,0.000
422,52,1131,407,80,251,1,8.500,2.550,0.000
423,52,1131,407,80,251,1,8.500,2.550,0.000
424,52,1131,407,80,251,1,8.500,2.550,0.000
425,52,1149,424,82,256,1,8.167,2.250,0.000
426,52,1149,424,82,256,1,8.167,2.250,0.000
427,52,1149,424,82,256,1,8.167,2.250,0.000
428,52,1149,424,82,256,1,8.167,2.250,0.000
429,52,1149,424,82,256,1,8.167,2.250,0.000
430,52,1149,424,82,256,1,8.167,2.250,0.000
431,52,1149,424,82,256,1,8.167,2.250,0.000
432,52,1149,424,82,256,1,8.167,2.250,0.000
433,52,1149,424,82,256,1,8.167,2.250,0.000
434,52,1149,424,82,256,1,8.167,2.250,0.000
435,52,1149,424,82,256,1,8.167,2.250,0.000
436,52,1131,407,80,251,1,8.500,2.550,0.000
437,52,1131,407,80,251,1,8.500,2.550,0.000
438,52,1131,407,80,251,1,8.500,2.550,0.000
439,52,1131,407,80,251,1,8.500,2.550,0.000
440,52,1131,407,80,251,1,8.500,2.550,0.000
441,52,1149,424,82,256,1,8.167,2.250,0.000
442,52,1149,424,82,256,1,8.167,2.250,0.000
443,52,1167,411,81,253,1,8.500,2.250,0.000
444,52,1149,424,82,256,1,8.167,2.250,0.000
445,52,1149,424,82,256,1,8.167,2.250,0.000
446,52,1149,424,82,256,1,8.167,2.250,0.000
447,52,1149,424,82,256,1,8.167,2.250,0.000
448,52,1149,424,82,256,1,8.167,2.250,0.000
449,52,1149,424,82,256,1,8.167,2.250,0.000
450,52,1167,411,81,253,1,8.500,2.250,0.000
416,53,1528,743,132,351,1,3.833,-1.950,0.000
417,53,1528,743,132,351,1,3.833,-1.950,0.000
418,53,1474,733,128,346,1,3.833,-1.650,0.000
419,53,1492,711,127,339,1,4.167,-1.650,0.000
420,53,1509,689,126,333,1,4.500,-1.650,0.000
421,53,1561,698,130,338,1,4.500,-1.950,0.000
422,53,1525,668,124,327,1,4.833,-1.650,0.000
423,53,1541,648,123,321,1,5.167,-1.650,0.000
424,53,1571,610,121,310,1,5.833,-1.650,0.000
425,53,1586,592,119,305,1,6.167,-1.650,0.000
426,53,1600,574,118,300,1,6.500,-1.650,0.000
427,53,1613,557,117,296,1,6.833,-1.650,0.000
428,53,1626,541,117,291,1,7.167,-1.650,0.000
429,53,1685,531,121,290,1,7.500,-1.950,0.000
430,53,1697,515,120,285,1,7.833,-1.950,0.000
431,53,1708,500,119,281,1,8.167,-1.950,0.000
432,53,1731,471,118,273,1,8.833,-1.950,0.000
433,53,1776,476,125,276,1,8.833,-2.250,0.000
418,54,810,98,54,154,1,18.500,11.250,0.000
419,54,838,88,52,151,1,19.167,11.250,0.000
420,54,864,79,51,149,1,19.833,11.250,0.000
421,54,877,75,50,147,1,20.167,11.250,0.000
422,54,903,66,49,145,1,20.833,11.250,0.000
423,54,912,47,47,139,1,22.167,11.850,0.000
424,54,931,48,47,140,1,22.167,11.550,0.000
425,54,947,35,46,136,1,23.167,11.850,0.000
426,54,972,19,44,131,1,24.500,12.150,0.000
427,54,993,12,43,129,1,25.167,12.150,0.000
428,54,1006,1,42,126,1,26.167,12.450,0.000
429,54,1026,-4,41,125,1,26.833,12.450,0.000
430,54,1047,-17,40,121,1,28.167,12.750,0.000
431,54,1066,-23,39,119,1,28.833,12.750,0.000
419,55,1845,119,95,181,1,20.833,-0.450,0.000
420,55,1845,119,95,181,1,20.833,-0.450,0.000
421,55,1825,139,94,185,1,19.833,-0.450,0.000
422,55,1825,139,94,185,1,19.833,-0.450,0.000
423,55,1811,153,94,188,1,19.167,-0.450,0.000
424,55,1811,153,94,188,1,19.167,-0.450,0.000
425,55,1797,167,93,190,1,18.500,-0.450,0.000
426,55,1782,182,93,194,1,17.833,-0.450,0.000
427,55,1774,189,93,195,1,17.500,-0.450,0.000
428,55,1759,205,92,198,1,16.833,-0.450,0.000
429,55,1743,220,92,202,1,16.167,-0.450,0.000
430,55,1727,237,92,206,1,15.500,-0.450,0.000
431,55,1718,245,92,208,1,15.167,-0.450,0.000
432,55,1701,262,92,212,1,14.500,-0.450,0.000
433,55,1709,293,96,221,1,13.500,-0.750,0.000
434,55,1700,302,96,223,1,13.167,-0.750,0.000
435,55,1700,302,96,223,1,13.167,-0.750,0.000
436,55,1691,312,96,226,1,12.833,-0.750,0.000
437,55,1674,290,92,219,1,13.500,-0.450,0.000
438,55,1665,299,92,222,1,13.167,-0.450,0.000
422,56,1727,237,92,206,1,15.500,-0.450,0.000
423,56,1710,254,92,210,1,14.833,-0.450,0.000
424,56,1692,271,92,214,1,14.167,-0.450,0.000
425,56,1674,290,92,219,1,13.500,-0.450,0.000
426,56,1649,278,88,215,1,13.833,-0.150,0.000
427,56,1620,306,89,222,1,12.833,-0.150,0.000
428,56,1610,315,89,225,1,12.500,-0.150,0.000
429,56,1589,335,90,231,1,11.833,-0.150,0.000
430,56,1568,356,91,236,1,11.167,-0.150,0.000
431,56,1533,390,93,246,1,10.167,-0.150,0.000
432,56,1508,414,94,253,1,9.500,-0.150,0.000
433,56,1482,439,96,260,1,8.833,-0.150,0.000
434,56,1454,466,97,268,1,8.167,-0.150,0.000
435,56,1425,495,99,276,1,7.500,-0.150,0.000
436,56,1410,509,101,280,1,7.167,-0.150,0.000
437,56,1404,564,107,295,1,6.167,-0.450,0.000
438,56,1387,581,108,300,1,5.833,-0.450,0.000
439,56,1397,625,113,312,1,5.167,-0.750,0.000
440,56,1361,664,116,323,1,4.500,-0.750,0.000
441,56,1342,685,117,328,1,4.167,-0.750,0.000
442,56,1322,707,119,334,1,3.833,-0.750,0.000
425,57,1323,-21,42,123,1,29.833,8.850,0.000
426,57,1315,-18,42,124,1,29.500,8.850,0.000
427,57,1303,-4,43,128,1,28.167,8.550,0.000
428,57,1295,-1,43,129,1,27.833,8.550,0.000
429,57,1287,2,43,129,1,27.500,8.550,0.000
430,57,1262,12,44,132,1,26.500,8.550,0.000
431,57,1253,15,44,133,1,26.167,8.550,0.000
432,57,1245,19,44,134,1,25.833,8.550,0.000
433,57,1236,23,44,135,1,25.500,8.550,0.000
431,58,803,129,57,163,1,16.833,10.350,0.000
432,58,826,130,57,164,1,16.833,10.050,0.000
433,58,847,113,55,159,1,17.833,10.350,0.000
434,58,880,91,52,153,1,19.167,10.650,0.000
435,58,902,93,52,153,1,19.167,10.350,0.000
436,58,928,83,51,151,1,19.833,10.350,0.000
437,58,941,79,50,149,1,20.167,10.350,0.000
438,58,965,70,49,147,1,20.833,10.350,0.000
439,58,992,52,47,141,1,22.167,10.650,0.000
440,58,1015,44,46,139,1,22.833,10.650,0.000
441,58,1037,36,45,137,1,23.500,10.650,0.000
442,58,1058,29,44,135,1,24.167,10.650,0.000
443,58,1059,20,43,132,1,24.833,10.950,0.000
444,58,1069,17,43,131,1,25.167,10.950,0.000
445,58,1089,10,42,130,1,25.833,10.950,0.000
446,58,1099,0,41,126,1,26.833,11.250,0.000
447,58,1099,0,41,126,1,26.833,11.250,0.000
448,58,1109,-11,40,123,1,27.833,11.550,0.000
436,59,796,86,52,150,1,19.167,11.850,0.000
437,59,823,77,51,148,1,19.833,11.850,0.000
438,59,842,62,49,143,1,20.833,12.150,0.000
439,59,862,63,49,144,1,20.833,11.850,0.000
440,59,880,50,48,140,1,21.833,12.150,0.000
441,59,904,42,47,138,1,22.500,12.150,0.000
442,59,916,38,46,137,1,22.833,12.150,0.000
443,59,939,30,45,134,1,23.500,12.150,0.000
444,59,961,23,44,132,1,24.167,12.150,0.000
445,59,983,16,44,130,1,24.833,12.150,0.000
446,59,1004,9,43,129,1,25.500,12.150,0.000
447,59,1014,6,42,128,1,25.833,12.150,0.000
448,59,1034,0,41,126,1,26.500,12.150,0.000
449,59,1055,-13,40,122,1,27.833,12.450,0.000
438,60,1692,271,92,214,1,14.167,-0.450,0.000
439,60,1736,265,96,214,1,14.500,-0.750,0.000
440,60,1744,256,96,212,1,14.833,-0.750,0.000
441,60,1752,247,96,210,1,15.167,-0.750,0.000
442,60,1796,240,101,210,1,15.500,-1.050,0.000
443,60,1788,249,101,212,1,15.167,-1.050,0.000
444,60,1796,240,101,210,1,15.500,-1.050,0.000
445,60,1811,223,101,206,1,16.167,-1.050,0.000
446,60,1834,199,102,201,1,17.167,-1.050,0.000
447,60,1849,183,103,198,1,17.833,-1.050,0.000
448,60,1856,175,103,196,1,18.167,-1.050,0.000
441,61,1048,98,51,156,1,19.500,8.550,0.000
442,61,1033,114,53,161,1,18.500,8.250,0.000
443,61,1007,125,54,164,1,17.833,8.250,0.000
444,61,981,136,56,167,1,17.167,8.250,0.000
445,61,963,155,58,173,1,16.167,7.950,0.000
446,61,934,167,60,177,1,15.500,7.950,0.000
447,61,919,173,60,179,1,15.167,7.950,0.000
448,61,888,186,62,182,1,14.500,7.950,0.000
449,61,855,200,64,186,1,13.833,7.950,0.000
450,61,822,214,66,190,1,13.167,7.950,0.000
445,62,1351,738,123,344,1,3.500,-1.050,0.000
446,62,1371,715,122,337,1,3.833,-1.050,0.000
447,62,1409,672,119,326,1,4.500,-1.050,0.000
448,62,1475,660,121,323,1,4.833,-1.350,0.000
449,62,1477,595,114,305,1,5.833,-1.050,0.000
450,62,1508,560,111,295,1,6.500,-1.050,0.000
445,63,817,104,54,156,1,18.167,10.950,0.000
446,63,845,95,53,153,1,18.833,10.950,0.000
447,63,872,85,52,151,1,19.500,10.950,0.000
448,63,898,76,50,148,1,20.167,10.950,0.000
449,63,911,72,50,147,1,20.500,10.950,0.000
450,63,936,63,49,144,1,21.167,10.950,0.000
