151,-1,1752,443,118,265,1,9.500,-1.950,0.000
151,-1,1739,400,111,252,1,10.500,-1.650,0.000
151,-1,1461,613,115,310,1,5.500,-1.050,0.000
151,-1,1590,469,105,269,1,8.500,-1.050,0.000
151,-1,1322,707,119,334,1,3.833,-0.750,0.000
151,-1,1662,343,97,234,1,11.833,-0.750,0.000
151,-1,1797,167,93,190,1,18.500,-0.450,0.000
151,-1,1718,211,88,198,1,16.500,-0.150,0.000
151,-1,1678,217,85,199,1,16.167,0.150,0.000
151,-1,1687,209,85,197,1,16.500,0.150,0.000
151,-1,1680,185,82,190,1,17.500,0.450,0.000
151,-1,1688,178,82,188,1,17.833,0.450,0.000
151,-1,782,567,105,293,1,4.500,3.150,0.000
151,-1,1176,113,52,162,1,19.167,6.750,0.000
151,-1,1117,70,48,148,1,21.500,8.550,0.000
151,-1,1086,53,46,143,1,22.500,9.450,0.000
151,-1,998,67,49,146,1,21.167,10.050,0.000
151,-1,923,43,47,138,1,22.500,11.850,0.000
151,-1,935,39,46,137,1,22.833,11.850,0.000
151,-1,741,88,53,150,1,18.833,12.450,0.000
152,-1,1729,412,112,256,1,10.167,-1.650,0.000
152,-1,1607,503,111,280,1,7.833,-1.350,0.000
152,-1,1756,328,105,232,1,12.500,-1.350,0.000
152,-1,1765,318,105,230,1,12.833,-1.350,0.000
152,-1,1659,391,102,248,1,10.500,-1.050,0.000
152,-1,1759,205,92,198,1,16.833,-0.450,0.000
152,-1,1782,182,93,194,1,17.833,-0.450,0.000
152,-1,1669,142,76,178,1,19.500,1.050,0.000
152,-1,769,544,103,287,1,4.833,3.450,0.000
152,-1,1200,115,52,162,1,19.167,6.450,0.000
152,-1,1106,85,49,153,1,20.500,8.250,0.000
152,-1,1106,74,48,149,1,21.167,8.550,0.000
152,-1,1095,69,48,147,1,21.500,8.850,0.000
152,-1,1012,53,47,142,1,22.167,10.350,0.000
152,-1,983,47,47,140,1,22.500,10.950,0.000
152,-1,724,110,56,157,1,17.500,11.850,0.000
152,-1,912,47,47,139,1,22.167,11.850,0.000
153,-1,1759,376,111,246,1,11.167,-1.650,0.000
153,-1,1607,503,111,280,1,7.833,-1.350,0.000
153,-1,1637,416,103,255,1,9.833,-1.050,0.000
153,-1,1797,167,93,190,1,18.500,-0.450,0.000
153,-1,1750,181,89,192,1,17.833,-0.150,0.000
153,-1,1757,173,89,190,1,18.167,-0.150,0.000
153,-1,1656,128,74,174,1,20.167,1.350,0.000
153,-1,1664,123,74,172,1,20.500,1.350,0.000
153,-1,771,486,96,271,1,5.833,4.050,0.000
153,-1,1221,105,52,159,1,19.833,6.450,0.000
153,-1,1082,94,51,155,1,19.833,8.250,0.000
153,-1,1118,8,42,129,1,26.167,10.650,0.000
153,-1,1049,24,44,133,1,24.500,10.950,0.000
153,-1,1118,0,41,127,1,26.833,10.950,0.000
153,-1,997,34,45,136,1,23.500,11.250,0.000
153,-1,1040,19,43,132,1,24.833,11.250,0.000
153,-1,935,39,46,137,1,22.833,11.850,0.000
153,-1,697,102,55,154,1,17.833,12.450,0.000
153,-1,884,41,47,137,1,22.500,12.450,0.000
154,-1,1613,557,117,296,1,6.833,-1.650,0.000
154,-1,1768,364,111,243,1,11.500,-1.650,0.000
154,-1,1632,474,109,271,1,8.500,-1.350,0.000
154,-1,1797,167,93,190,1,18.500,-0.450,0.000
154,-1,1697,143,79,179,1,19.500,0.750,0.000
154,-1,1629,127,71,172,1,20.167,1.650,0.000
154,-1,1636,121,71,171,1,20.500,1.650,0.000
154,-1,771,486,96,271,1,5.833,4.050,0.000
154,-1,1240,84,50,153,1,21.167,6.750,0.000
154,-1,1058,104,52,158,1,19.167,8.250,0.000
154,-1,1055,46,46,140,1,22.833,10.050,0.000
154,-1,1137,9,41,130,1,26.167,10.350,0.000
154,-1,1006,39,46,138,1,23.167,10.950,0.000
154,-1,966,36,46,137,1,23.167,11.550,0.000
154,-1,867,54,48,141,1,21.500,12.150,0.000
155,-1,1647,581,123,304,1,6.500,-1.950,0.000
155,-1,1632,474,109,271,1,8.500,-1.350,0.000
155,-1,1765,318,105,230,1,12.833,-1.350,0.000
155,-1,1782,182,93,194,1,17.833,-0.450,0.000
155,-1,1797,167,93,190,1,18.500,-0.450,0.000
155,-1,1691,123,77,174,1,20.500,1.050,0.000
155,-1,1644,116,71,170,1,20.833,1.650,0.000
155,-1,1617,114,69,169,1,20.833,1.950,0.000
155,-1,759,467,95,265,1,6.167,4.350,0.000
155,-1,52,622,143,305,1,1.833,6.750,0.000
155,-1,1260,75,49,151,1,21.833,6.750,0.000
155,-1,1027,85,50,152,1,20.167,9.150,0.000
155,-1,833,118,55,160,1,17.500,10.350,0.000
155,-1,1035,45,46,140,1,22.833,10.350,0.000
155,-1,1067,34,45,137,1,23.833,10.350,0.000
155,-1,640,130,59,162,1,16.167,12.150,0.000
155,-1,972,19,44,131,1,24.500,12.150,0.000
156,-1,1647,581,123,304,1,6.500,-1.950,0.000
156,-1,1620,488,110,275,1,8.167,-1.350,0.000
156,-1,1774,308,105,227,1,13.167,-1.350,0.000
156,-1,1792,206,97,200,1,16.833,-0.750,0.000
156,-1,1765,166,89,189,1,18.500,-0.150,0.000
156,-1,1671,117,74,171,1,20.833,1.350,0.000
156,-1,1651,110,71,168,1,21.167,1.650,0.000
156,-1,1607,102,67,165,1,21.500,2.250,0.000
156,-1,761,418,89,252,1,7.167,4.950,0.000
156,-1,138,586,131,292,1,2.500,6.750,0.000
156,-1,1279,66,49,148,1,22.500,6.750,0.000
156,-1,1007,125,54,164,1,17.833,8.250,0.000
156,-1,1029,74,49,149,1,20.833,9.450,0.000
156,-1,57,429,119,246,1,4.833,9.750,0.000
156,-1,1035,45,46,140,1,22.833,10.350,0.000
156,-1,1088,26,44,134,1,24.500,10.350,0.000
156,-1,32,391,117,236,1,5.500,10.650,0.000
156,-1,825,111,55,158,1,17.833,10.650,0.000
156,-1,988,29,45,134,1,23.833,11.550,0.000
156,-1,612,149,61,167,1,15.167,11.850,0.000
156,-1,991,21,44,132,1,24.500,11.850,0.000
157,-1,1671,625,130,318,1,5.833,-2.250,0.000
157,-1,1594,518,112,284,1,7.500,-1.350,0.000
157,-1,1774,308,105,227,1,13.167,-1.350,0.000
157,-1,1779,258,101,214,1,14.833,-1.050,0.000
157,-1,1777,222,96,204,1,16.167,-0.750,0.000
157,-1,1749,152,86,184,1,19.167,0.150,0.000
157,-1,1651,110,71,168,1,21.167,1.650,0.000
157,-1,1589,96,65,162,1,21.833,2.550,0.000
157,-1,1596,91,65,161,1,22.167,2.550,0.000
157,-1,750,401,88,246,1,7.500,5.250,0.000
157,-1,1297,58,49,146,1,23.167,6.750,0.000
157,-1,178,547,123,280,1,3.167,7.050,0.000
157,-1,994,130,55,166,1,17.500,8.250,0.000
157,-1,153,444,112,250,1,4.833,8.850,0.000
157,-1,993,88,51,153,1,19.833,9.450,0.000
157,-1,1108,27,44,135,1,24.500,10.050,0.000
157,-1,839,106,54,157,1,18.167,10.650,0.000
157,-1,831,100,53,155,1,18.500,10.950,0.000
157,-1,1006,39,46,138,1,23.167,10.950,0.000
157,-1,73,352,108,224,1,6.500,11.250,0.000
157,-1,803,92,53,152,1,18.833,11.550,0.000
157,-1,560,167,64,172,1,14.167,11.850,0.000
158,-1,1671,625,130,318,1,5.833,-2.250,0.000
158,-1,1594,518,112,284,1,7.500,-1.350,0.000
158,-1,1771,267,100,216,1,14.500,-1.050,0.000
158,-1,1706,111,77,171,1,21.167,1.050,0.000
158,-1,1678,111,74,170,1,21.167,1.350,0.000
158,-1,1633,103,69,166,1,21.500,1.950,0.000
158,-1,1607,102,67,165,1,21.500,2.250,0.000
158,-1,1564,95,63,161,1,21.833,2.850,0.000
158,-1,740,385,86,242,1,7.833,5.550,0.000
158,-1,1315,49,48,144,1,23.833,6.750,0.000
158,-1,248,517,115,271,1,3.833,7.050,0.000
158,-1,967,141,57,169,1,16.833,8.250,0.000
158,-1,217,419,105,243,1,5.500,8.850,0.000
158,-1,964,109,53,159,1,18.500,9.150,0.000
158,-1,1196,20,43,134,1,25.500,9.150,0.000
158,-1,1205,17,43,133,1,25.833,9.150,0.000
158,-1,980,93,52,154,1,19.500,9.450,0.000
158,-1,965,70,49,147,1,20.833,10.350,0.000
158,-1,1127,12,42,131,1,25.833,10.350,0.000
158,-1,867,96,53,154,1,18.833,10.650,0.000
158,-1,134,346,102,222,1,6.833,10.950,0.000
158,-1,782,90,53,151,1,18.833,11.850,0.000
158,-1,1023,10,43,129,1,25.500,11.850,0.000
158,-1,520,171,65,173,1,13.833,12.150,0.000
158,-1,1006,1,42,126,1,26.167,12.450,0.000
159,-1,1634,599,124,309,1,6.167,-1.950,0.000
159,-1,1581,534,112,288,1,7.167,-1.350,0.000
159,-1,1771,267,100,216,1,14.500,-1.050,0.000
159,-1,1693,99,74,167,1,21.833,1.350,0.000
159,-1,1607,102,67,165,1,21.500,2.250,0.000
159,-1,1614,97,67,164,1,21.833,2.250,0.000
159,-1,1548,105,63,164,1,21.167,2.850,0.000
159,-1,740,385,86,242,1,7.833,5.550,0.000
159,-1,315,508,111,269,1,4.167,6.750,0.000
159,-1,1337,29,47,138,1,25.500,7.050,0.000
159,-1,953,147,57,171,1,16.500,8.250,0.000
159,-1,943,139,57,168,1,16.833,8.550,0.000
159,-1,277,396,99,236,1,6.167,8.850,0.000
159,-1,1137,17,42,132,1,25.500,10.050,0.000
159,-1,906,82,51,150,1,19.833,10.650,0.000
159,-1,165,323,97,215,1,7.500,11.250,0.000
159,-1,931,48,47,140,1,22.167,11.550,0.000
159,-1,1043,3,42,127,1,26.167,11.850,0.000
159,-1,747,94,54,152,1,18.500,12.150,0.000
159,-1,479,175,66,174,1,13.500,12.450,0.000
159,-1,726,92,54,151,1,18.500,12.450,0.000
159,-1,720,86,53,149,1,18.833,12.750,0.000
160,-1,1586,592,119,305,1,6.167,-1.650,0.000
160,-1,1751,212,92,200,1,16.500,-0.450,0.000
160,-1,1673,93,72,165,1,22.167,1.650,0.000
160,-1,1589,96,65,162,1,21.833,2.550,0.000
160,-1,1596,91,65,161,1,22.167,2.550,0.000
160,-1,1515,92,60,159,1,21.833,3.450,0.000
160,-1,752,359,83,234,1,8.500,5.850,0.000
160,-1,376,480,105,262,1,4.833,6.750,0.000
160,-1,1357,30,48,139,1,25.500,6.750,0.000
160,-1,928,145,57,170,1,16.500,8.550,0.000
160,-1,332,374,94,231,1,6.833,8.850,0.000
160,-1,919,137,57,167,1,16.833,8.850,0.000
160,-1,1156,10,42,130,1,26.167,10.050,0.000
160,-1,907,56,48,142,1,21.500,11.550,0.000
160,-1,220,282,88,203,1,8.833,11.850,0.000
160,-1,1053,0,41,126,1,26.500,11.850,0.000
160,-1,718,104,55,155,1,17.833,12.150,0.000
160,-1,438,180,68,174,1,13.167,12.750,0.000
160,-1,729,76,52,146,1,19.500,13.050,0.000
161,-1,1586,592,119,305,1,6.167,-1.650,0.000
161,-1,1727,237,92,206,1,15.500,-0.450,0.000
161,-1,1640,98,69,165,1,21.833,1.950,0.000
161,-1,1571,89,63,160,1,22.167,2.850,0.000
161,-1,1579,84,63,159,1,22.500,2.850,0.000
161,-1,1499,70,57,153,1,23.167,4.050,0.000
161,-1,764,334,80,227,1,9.167,6.150,0.000
161,-1,462,440,98,252,1,5.833,6.750,0.000
161,-1,1377,10,47,133,1,27.167,7.050,0.000
161,-1,909,165,60,176,1,15.500,8.250,0.000
161,-1,899,157,59,173,1,15.833,8.550,0.000
161,-1,385,353,89,225,1,7.500,8.850,0.000
161,-1,272,288,86,205,1,8.833,11.250,0.000
161,-1,689,140,59,166,1,15.833,11.250,0.000
161,-1,903,66,49,145,1,20.833,11.250,0.000
161,-1,386,237,76,191,1,10.833,11.550,0.000
162,-1,1606,636,126,320,1,5.500,-1.950,0.000
162,-1,1701,262,92,212,1,14.500,-0.450,0.000
162,-1,1614,97,67,164,1,21.833,2.250,0.000
162,-1,1562,78,62,157,1,22.833,3.150,0.000
162,-1,1491,75,57,154,1,22.833,4.050,0.000
162,-1,795,301,76,217,1,10.167,6.450,0.000
162,-1,489,427,96,249,1,6.167,6.750,0.000
162,-1,878,177,61,180,1,14.833,8.250,0.000
162,-1,431,320,84,216,1,8.500,9.150,0.000
162,-1,881,141,57,168,1,16.500,9.150,0.000
162,-1,1184,0,41,128,1,27.167,10.050,0.000
162,-1,320,271,82,200,1,9.500,11.250,0.000
162,-1,656,152,61,169,1,15.167,11.250,0.000
162,-1,651,144,60,166,1,15.500,11.550,0.000
162,-1,340,242,78,192,1,10.500,11.850,0.000
162,-1,789,49,48,139,1,21.500,13.350,0.000
163,-1,1614,707,134,343,1,4.500,-2.250,0.000
163,-1,1692,271,92,214,1,14.167,-0.450,0.000
163,-1,1596,91,65,161,1,22.167,2.550,0.000
163,-1,1546,72,60,155,1,23.167,3.450,0.000
163,-1,1475,69,56,152,1,23.167,4.350,0.000
163,-1,824,272,72,209,1,11.167,6.750,0.000
163,-1,535,387,90,238,1,7.167,7.050,0.000
163,-1,846,190,63,183,1,14.167,8.250,0.000
163,-1,486,326,83,219,1,8.500,8.550,0.000
163,-1,845,95,53,153,1,18.833,10.950,0.000
163,-1,365,245,77,193,1,10.500,11.550,0.000
163,-1,617,156,62,170,1,14.833,11.550,0.000
163,-1,318,250,80,194,1,10.167,11.850,0.000
164,-1,1683,280,92,217,1,13.833,-0.450,0.000
164,-1,1569,73,62,156,1,23.167,3.150,0.000
164,-1,1530,67,59,153,1,23.500,3.750,0.000
164,-1,1537,62,59,152,1,23.833,3.750,0.000
164,-1,1454,53,54,147,1,24.167,4.950,0.000
164,-1,590,380,88,237,1,7.500,6.750,0.000
164,-1,824,272,72,209,1,11.167,6.750,0.000
164,-1,832,252,70,203,1,11.833,7.050,0.000
164,-1,544,274,76,205,1,10.167,9.150,0.000
164,-1,539,263,75,201,1,10.500,9.450,0.000
164,-1,408,230,74,189,1,11.167,11.550,0.000
164,-1,582,168,63,173,1,14.167,11.550,0.000
164,-1,270,265,84,198,1,9.500,11.850,0.000
164,-1,991,21,44,132,1,24.500,11.850,0.000
164,-1,822,61,49,143,1,20.833,12.450,0.000
165,-1,1655,309,92,224,1,12.833,-0.450,0.000
165,-1,1546,72,60,155,1,23.167,3.450,0.000
165,-1,1553,68,60,154,1,23.500,3.450,0.000
165,-1,1514,61,57,151,1,23.833,4.050,0.000
165,-1,1441,34,51,141,1,25.500,5.550,0.000
165,-1,1437,13,49,135,1,27.167,6.150,0.000
165,-1,637,358,85,232,1,8.167,6.750,0.000
165,-1,842,263,71,206,1,11.500,6.750,0.000
165,-1,804,221,67,192,1,12.833,7.950,0.000
165,-1,795,211,66,189,1,13.167,8.250,0.000
165,-1,570,277,76,206,1,10.167,8.850,0.000
165,-1,803,110,55,158,1,17.833,10.950,0.000
165,-1,796,103,54,155,1,18.167,11.250,0.000
165,-1,449,215,71,185,1,11.833,11.550,0.000
165,-1,546,181,65,176,1,13.500,11.550,0.000
165,-1,977,33,45,135,1,23.500,11.550,0.000
165,-1,195,267,89,199,1,9.167,12.450,0.000
165,-1,828,51,48,140,1,21.500,12.750,0.000
166,-1,1645,319,93,227,1,12.500,-0.450,0.000
166,-1,1808,125,91,180,1,20.500,-0.150,0.000
166,-1,1521,56,57,150,1,24.167,4.050,0.000
166,-1,1529,52,57,149,1,24.500,4.050,0.000
166,-1,1506,51,56,148,1,24.500,4.350,0.000
166,-1,1434,38,51,142,1,25.167,5.550,0.000
166,-1,878,247,69,201,1,12.167,6.750,0.000
166,-1,674,324,80,222,1,9.167,7.050,0.000
166,-1,695,314,79,220,1,9.500,7.050,0.000
166,-1,768,236,69,197,1,12.167,7.950,0.000
166,-1,638,263,74,203,1,10.833,8.550,0.000
166,-1,493,210,70,184,1,12.167,11.250,0.000
166,-1,513,203,68,183,1,12.500,11.250,0.000
166,-1,509,194,68,180,1,12.833,11.550,0.000
166,-1,1010,22,44,132,1,24.500,11.550,0.000
166,-1,168,286,93,204,1,8.500,12.150,0.000
166,-1,972,19,44,131,1,24.500,12.150,0.000
167,-1,1625,339,93,232,1,11.833,-0.450,0.000
167,-1,1811,153,94,188,1,19.167,-0.450,0.000
167,-1,1258,230,65,198,1,14.167,3.750,0.000
167,-1,1521,56,57,150,1,24.167,4.050,0.000
167,-1,1491,46,55,146,1,24.833,4.650,0.000
167,-1,1418,46,51,144,1,24.500,5.550,0.000
167,-1,725,317,79,221,1,9.500,6.750,0.000
167,-1,896,239,68,199,1,12.500,6.750,0.000
167,-1,728,283,75,211,1,10.500,7.350,0.000
167,-1,678,247,71,199,1,11.500,8.550,0.000
167,-1,517,212,69,185,1,12.167,10.950,0.000
167,-1,1017,35,45,137,1,23.500,10.950,0.000
167,-1,470,208,70,183,1,12.167,11.550,0.000
167,-1,110,316,101,213,1,7.500,11.850,0.000
167,-1,964,15,44,130,1,24.833,12.450,0.000
168,-1,1604,360,94,238,1,11.167,-0.450,0.000
168,-1,1804,160,94,189,1,18.833,-0.450,0.000
168,-1,1521,42,56,146,1,25.167,4.350,0.000
168,-1,1478,15,51,137,1,27.167,5.550,0.000
168,-1,1412,37,50,142,1,25.167,5.850,0.000
168,-1,1486,0,50,133,1,28.500,5.850,0.000
168,-1,757,286,75,212,1,10.500,7.050,0.000
168,-1,918,214,65,192,1,13.500,7.050,0.000
168,-1,692,269,73,206,1,10.833,7.950,0.000
168,-1,701,212,67,188,1,12.833,9.150,0.000
168,-1,1040,19,43,132,1,24.833,11.250,0.000
168,-1,429,222,73,187,1,11.500,11.550,0.000
168,-1,564,175,64,175,1,13.833,11.550,0.000
168,-1,931,48,47,140,1,22.167,11.550,0.000
168,-1,47,334,109,219,1,6.833,11.850,0.000
168,-1,985,8,43,128,1,25.500,12.450,0.000
169,-1,1593,372,94,241,1,10.833,-0.450,0.000
169,-1,1804,160,94,189,1,18.833,-0.450,0.000
169,-1,1513,33,55,143,1,25.833,4.650,0.000
169,-1,1470,31,52,141,1,25.833,5.250,0.000
169,-1,1399,32,49,140,1,25.500,6.150,0.000
169,-1,795,269,72,207,1,11.167,7.050,0.000
169,-1,934,207,64,189,1,13.833,7.050,0.000
169,-1,658,255,72,201,1,11.167,8.550,0.000
169,-1,752,216,67,190,1,12.833,8.550,0.000
169,-1,651,244,71,197,1,11.500,8.850,0.000
169,-1,657,217,68,189,1,12.500,9.450,0.000
169,-1,657,182,64,178,1,13.833,10.350,0.000
169,-1,1049,24,44,133,1,24.500,10.950,0.000
169,-1,605,170,63,174,1,14.167,11.250,0.000
169,-1,656,152,61,169,1,15.167,11.250,0.000
169,-1,408,230,74,189,1,11.167,11.550,0.000
169,-1,919,52,48,141,1,21.833,11.550,0.000
169,-1,384,227,74,188,1,11.167,11.850,0.000
169,-1,975,11,43,129,1,25.167,12.450,0.000
170,-1,1582,383,95,244,1,10.500,-0.450,0.000
170,-1,1804,160,94,189,1,18.833,-0.450,0.000
170,-1,1513,33,55,143,1,25.833,4.650,0.000
170,-1,1456,26,51,140,1,26.167,5.550,0.000
170,-1,1391,36,49,141,1,25.167,6.150,0.000
170,-1,832,252,70,203,1,11.833,7.050,0.000
170,-1,955,184,61,182,1,14.833,7.350,0.000
170,-1,786,228,68,195,1,12.500,7.950,0.000
170,-1,624,283,76,209,1,10.167,8.250,0.000
170,-1,633,181,64,177,1,13.833,10.650,0.000
170,-1,1060,12,43,130,1,25.500,11.250,0.000
170,-1,363,235,76,190,1,10.833,11.850,0.000
170,-1,900,51,48,140,1,21.833,11.850,0.000
170,-1,946,14,44,129,1,24.833,12.750,0.000
170,-1,956,10,43,129,1,25.167,12.750,0.000
171,-1,1559,406,96,251,1,9.833,-0.450,0.000
171,-1,1804,160,94,189,1,18.833,-0.450,0.000
171,-1,1513,20,53,139,1,26.833,4.950,0.000
171,-1,1449,30,51,140,1,25.833,5.550,0.000
171,-1,1391,36,49,141,1,25.167,6.150,0.000
171,-1,966,193,62,185,1,14.500,7.050,0.000
171,-1,858,226,67,195,1,12.833,7.350,0.000
171,-1,587,314,80,217,1,9.167,7.950,0.000
171,-1,846,190,63,183,1,14.167,8.250,0.000
171,-1,597,280,76,207,1,10.167,8.550,0.000
171,-1,821,188,63,182,1,14.167,8.550,0.000
171,-1,869,114,55,160,1,17.833,10.050,0.000
171,-1,1068,25,44,134,1,24.500,10.650,0.000
171,-1,656,152,61,169,1,15.167,11.250,0.000
171,-1,319,260,81,197,1,9.833,11.550,0.000
171,-1,617,156,62,170,1,14.833,11.550,0.000
171,-1,939,30,45,134,1,23.500,12.150,0.000
172,-1,1807,190,97,197,1,17.500,-0.750,0.000
172,-1,1547,419,97,254,1,9.500,-0.450,0.000
172,-1,1506,12,52,137,1,27.500,5.250,0.000
172,-1,1443,21,50,138,1,26.500,5.850,0.000
172,-1,1389,15,47,135,1,26.833,6.750,0.000
172,-1,875,219,66,193,1,13.167,7.350,0.000
172,-1,984,171,59,179,1,15.500,7.350,0.000
172,-1,548,347,85,227,1,8.167,7.650,0.000
172,-1,844,167,61,176,1,15.167,8.850,0.000
172,-1,849,132,57,165,1,16.833,9.750,0.000
172,-1,1078,30,44,135,1,24.167,10.350,0.000
172,-1,569,183,65,177,1,13.500,11.250,0.000
172,-1,271,276,85,202,1,9.167,11.550,0.000
172,-1,844,78,51,148,1,19.833,11.550,0.000
172,-1,697,102,55,154,1,17.833,12.450,0.000
173,-1,1800,198,97,199,1,17.167,-0.750,0.000
173,-1,1534,431,97,258,1,9.167,-0.450,0.000
173,-1,1478,15,51,137,1,27.167,5.550,0.000
173,-1,1437,13,49,135,1,27.167,6.150,0.000
173,-1,999,165,59,177,1,15.833,7.350,0.000
173,-1,897,195,63,185,1,14.167,7.650,0.000
173,-1,514,330,83,221,1,8.500,8.250,0.000
173,-1,527,295,79,211,1,9.500,8.850,0.000
173,-1,881,141,57,168,1,16.500,9.150,0.000
173,-1,872,134,57,166,1,16.833,9.450,0.000
173,-1,529,242,73,195,1,11.167,10.050,0.000
173,-1,1089,18,43,132,1,25.167,10.650,0.000
173,-1,220,293,90,206,1,8.500,11.550,0.000
173,-1,830,82,52,149,1,19.500,11.550,0.000
173,-1,895,60,49,143,1,21.167,11.550,0.000
173,-1,724,110,56,157,1,17.500,11.850,0.000
174,-1,1522,492,104,275,1,7.833,-0.750,0.000
174,-1,1792,206,97,200,1,16.833,-0.750,0.000
174,-1,1472,6,50,134,1,27.833,5.850,0.000
174,-1,1439,1,48,132,1,28.167,6.450,0.000
174,-1,1024,167,59,178,1,15.833,7.050,0.000
174,-1,924,197,63,186,1,14.167,7.350,0.000
174,-1,470,364,88,230,1,7.500,7.950,0.000
174,-1,4,496,133,267,1,3.500,8.850,0.000
174,-1,895,136,57,167,1,16.833,9.150,0.000
174,-1,1089,18,43,132,1,25.167,10.650,0.000
174,-1,166,311,96,211,1,7.833,11.550,0.000
174,-1,882,65,49,144,1,20.833,11.550,0.000
174,-1,809,81,52,149,1,19.500,11.850,0.000
174,-1,769,78,52,148,1,19.500,12.450,0.000
175,-1,1788,249,101,212,1,15.167,-1.050,0.000
175,-1,1508,506,105,279,1,7.500,-0.750,0.000
175,-1,1466,-1,49,132,1,28.500,6.150,0.000
175,-1,1426,-2,47,131,1,28.500,6.750,0.000
175,-1,1027,153,57,173,1,16.500,7.350,0.000
175,-1,944,175,60,180,1,15.167,7.650,0.000
175,-1,419,386,92,236,1,6.833,7.950,0.000
175,-1,919,173,60,179,1,15.167,7.950,0.000
175,-1,83,469,121,257,1,4.167,8.850,0.000
175,-1,57,429,119,246,1,4.833,9.750,0.000
175,-1,98,385,110,233,1,5.833,10.350,0.000
175,-1,1108,19,43,133,1,25.167,10.350,0.000
175,-1,789,97,54,153,1,18.500,11.550,0.000
176,-1,1779,258,101,214,1,14.833,-1.050,0.000
176,-1,1494,522,106,284,1,7.167,-0.750,0.000
176,-1,1596,-1,56,136,1,28.833,4.350,0.000
176,-1,959,169,60,178,1,15.500,7.650,0.000
176,-1,1044,121,54,163,1,18.167,7.950,0.000
176,-1,390,382,93,234,1,6.833,8.250,0.000
176,-1,153,444,112,250,1,4.833,8.850,0.000
176,-1,933,132,56,166,1,17.167,8.850,0.000
176,-1,67,381,112,232,1,5.833,10.650,0.000
176,-1,413,250,76,195,1,10.500,10.950,0.000
176,-1,824,93,53,153,1,18.833,11.250,0.000
176,-1,769,78,52,148,1,19.500,12.450,0.000
177,-1,1763,276,100,218,1,14.167,-1.050,0.000
177,-1,1479,537,107,288,1,6.833,-0.750,0.000
177,-1,1591,14,58,140,1,27.500,4.050,0.000
177,-1,1055,128,54,166,1,17.833,7.650,0.000
177,-1,338,421,99,244,1,5.833,7.950,0.000
177,-1,977,149,57,172,1,16.500,7.950,0.000
177,-1,186,431,108,246,1,5.167,8.850,0.000
177,-1,960,121,55,163,1,17.833,8.850,0.000
177,-1,187,415,106,241,1,5.500,9.150,0.000
177,-1,156,410,108,240,1,5.500,9.450,0.000
177,-1,67,381,112,232,1,5.833,10.650,0.000
177,-1,838,88,52,151,1,19.167,11.250,0.000
177,-1,830,82,52,149,1,19.500,11.550,0.000
177,-1,747,94,54,152,1,18.500,12.150,0.000
177,-1,796,70,51,145,1,20.167,12.450,0.000
178,-1,1754,286,100,220,1,13.833,-1.050,0.000
178,-1,1448,571,109,297,1,6.167,-0.750,0.000
178,-1,1683,-1,64,141,1,28.833,3.150,0.000
178,-1,1578,22,57,142,1,26.833,4.050,0.000
178,-1,1069,111,52,160,1,18.833,7.950,0.000
178,-1,278,429,103,246,1,5.500,8.250,0.000
178,-1,981,136,56,167,1,17.167,8.250,0.000
178,-1,277,412,101,241,1,5.833,8.550,0.000
178,-1,306,400,98,238,1,6.167,8.550,0.000
178,-1,984,123,55,163,1,17.833,8.550,0.000
178,-1,987,111,53,160,1,18.500,8.850,0.000
178,-1,162,350,100,223,1,6.833,10.650,0.000
178,-1,344,263,80,198,1,9.833,11.250,0.000
178,-1,724,110,56,157,1,17.500,11.850,0.000
178,-1,789,80,52,148,1,19.500,12.150,0.000
179,-1,1747,339,105,235,1,12.167,-1.350,0.000
179,-1,1756,328,105,232,1,12.500,-1.350,0.000
179,-1,1432,588,111,302,1,5.833,-0.750,0.000
179,-1,1571,26,57,143,1,26.500,4.050,0.000
179,-1,1081,106,52,159,1,19.167,7.950,0.000
179,-1,248,441,106,249,1,5.167,8.250,0.000
179,-1,994,130,55,166,1,17.500,8.250,0.000
179,-1,305,385,96,233,1,6.500,8.850,0.000
179,-1,1013,101,52,157,1,19.167,8.850,0.000
179,-1,276,381,97,232,1,6.500,9.150,0.000
179,-1,219,358,97,225,1,6.833,10.050,0.000
179,-1,890,70,50,146,1,20.500,11.250,0.000
179,-1,703,109,56,156,1,17.500,12.150,0.000
179,-1,769,78,52,148,1,19.500,12.450,0.000
180,-1,1738,350,105,238,1,11.833,-1.350,0.000
180,-1,1415,606,112,307,1,5.500,-0.750,0.000
180,-1,1564,30,57,144,1,26.167,4.050,0.000
180,-1,216,454,109,253,1,4.833,8.250,0.000
180,-1,1070,99,51,157,1,19.500,8.250,0.000
180,-1,1060,93,51,155,1,19.833,8.550,0.000
180,-1,385,353,89,225,1,7.500,8.850,0.000
180,-1,1013,101,52,157,1,19.167,8.850,0.000
180,-1,246,309,90,211,1,8.167,10.950,0.000
180,-1,912,47,47,139,1,22.167,11.850,0.000
180,-1,682,107,56,155,1,17.500,12.450,0.000
180,-1,741,88,53,150,1,18.833,12.450,0.000
181,-1,1728,361,106,241,1,11.500,-1.350,0.000
181,-1,1397,625,113,312,1,5.167,-0.750,0.000
181,-1,1658,14,63,144,1,27.500,3.150,0.000
181,-1,1551,39,57,146,1,25.500,4.050,0.000
181,-1,145,520,122,272,1,3.500,7.650,0.000
181,-1,438,346,87,224,1,7.833,8.550,0.000
181,-1,1000,106,53,158,1,18.833,8.850,0.000
181,-1,1061,82,50,151,1,20.500,8.850,0.000
181,-1,1073,77,49,150,1,20.833,8.850,0.000
181,-1,273,312,89,212,1,8.167,10.650,0.000
181,-1,220,318,93,213,1,7.833,10.950,0.000
181,-1,656,124,58,160,1,16.500,12.150,0.000
181,-1,712,97,54,153,1,18.167,12.450,0.000
181,-1,916,16,44,130,1,24.500,13.050,0.000
182,-1,1719,372,106,244,1,11.167,-1.350,0.000
182,-1,1379,644,114,317,1,4.833,-0.750,0.000
182,-1,580,730,129,333,1,1.833,2.850,0.000
182,-1,1543,43,57,147,1,25.167,4.050,0.000
182,-1,71,529,130,275,1,3.167,7.950,0.000
182,-1,486,326,83,219,1,8.500,8.550,0.000
182,-1,482,313,82,215,1,8.833,8.850,0.000
182,-1,1013,101,52,157,1,19.167,8.850,0.000
182,-1,1037,91,51,154,1,19.833,8.850,0.000
182,-1,1085,63,47,146,1,21.833,9.150,0.000
182,-1,322,283,83,204,1,9.167,10.950,0.000
182,-1,624,135,59,163,1,15.833,12.150,0.000
182,-1,682,107,56,155,1,17.500,12.450,0.000
183,-1,1709,384,106,247,1,10.833,-1.350,0.000
183,-1,704,727,124,333,1,2.167,2.250,0.000
183,-1,1639,27,63,146,1,26.500,3.150,0.000
183,-1,636,564,109,290,1,4.167,4.050,0.000
183,-1,1529,52,57,149,1,24.500,4.050,0.000
183,-1,30,544,136,281,1,2.833,7.950,0.000
183,-1,116,475,119,259,1,4.167,8.550,0.000
183,-1,509,317,82,217,1,8.833,8.550,0.000
183,-1,532,307,80,214,1,9.167,8.550,0.000
183,-1,86,451,119,252,1,4.500,9.150,0.000
183,-1,1039,80,50,151,1,20.500,9.150,0.000
183,-1,1107,55,46,143,1,22.500,9.150,0.000
183,-1,1017,79,50,150,1,20.500,9.450,0.000
183,-1,67,381,112,232,1,5.833,10.650,0.000
183,-1,344,263,80,198,1,9.833,11.250,0.000
183,-1,600,162,63,171,1,14.500,11.550,0.000
183,-1,666,112,56,157,1,17.167,12.450,0.000
184,-1,1708,438,112,263,1,9.500,-1.650,0.000
184,-1,767,684,117,323,1,2.833,2.250,0.000
184,-1,678,667,119,318,1,2.833,2.850,0.000
184,-1,1632,32,62,147,1,26.167,3.150,0.000
184,-1,1514,61,57,151,1,23.833,4.050,0.000
184,-1,554,298,79,212,1,9.500,8.550,0.000
184,-1,153,444,112,250,1,4.833,8.850,0.000
184,-1,591,269,75,204,1,10.500,8.850,0.000
184,-1,1039,80,50,151,1,20.500,9.150,0.000
184,-1,1128,37,44,138,1,23.833,9.450,0.000
184,-1,608,212,68,187,1,12.500,10.050,0.000
184,-1,98,385,110,233,1,5.833,10.350,0.000
184,-1,393,269,79,200,1,9.833,10.650,0.000
184,-1,574,192,66,180,1,13.167,10.950,0.000
184,-1,624,135,59,163,1,15.833,12.150,0.000
185,-1,1698,452,113,266,1,9.167,-1.650,0.000
185,-1,826,644,111,313,1,3.500,2.250,0.000
185,-1,726,602,110,301,1,3.833,3.150,0.000
185,-1,1499,70,57,153,1,23.167,4.050,0.000
185,-1,217,419,105,243,1,5.500,8.850,0.000
185,-1,591,269,75,204,1,10.500,8.850,0.000
185,-1,632,252,72,199,1,11.167,8.850,0.000
185,-1,1062,71,48,148,1,21.167,9.150,0.000
185,-1,1052,66,48,146,1,21.500,9.450,0.000
185,-1,1138,34,44,137,1,24.167,9.450,0.000
185,-1,1148,30,44,136,1,24.500,9.450,0.000
185,-1,161,364,102,227,1,6.500,10.350,0.000
185,-1,579,201,67,183,1,12.833,10.650,0.000
185,-1,435,242,75,193,1,10.833,10.950,0.000
185,-1,546,181,65,176,1,13.500,11.550,0.000
185,-1,607,141,60,165,1,15.500,12.150,0.000
185,-1,956,10,43,129,1,25.167,12.750,0.000
186,-1,1697,515,120,285,1,7.833,-1.950,0.000
186,-1,854,625,108,309,1,3.833,2.250,0.000
186,-1,782,567,105,293,1,4.500,3.150,0.000
186,-1,1483,80,57,155,1,22.500,4.050,0.000
186,-1,638,263,74,203,1,10.833,8.550,0.000
186,-1,678,247,71,199,1,11.500,8.550,0.000
186,-1,277,396,99,236,1,6.167,8.850,0.000
186,-1,1086,53,46,143,1,22.500,9.450,0.000
186,-1,1157,26,43,135,1,24.833,9.450,0.000
186,-1,1055,46,46,140,1,22.833,10.050,0.000
186,-1,219,331,94,217,1,7.500,10.650,0.000
186,-1,476,227,72,189,1,11.500,10.950,0.000
186,-1,470,208,70,183,1,12.167,11.550,0.000
186,-1,524,179,66,175,1,13.500,11.850,0.000
186,-1,578,160,63,170,1,14.500,11.850,0.000
186,-1,959,3,42,126,1,25.833,13.050,0.000
187,-1,1685,531,121,290,1,7.500,-1.950,0.000
187,-1,891,564,101,293,1,4.833,2.550,0.000
187,-1,796,528,100,283,1,5.167,3.450,0.000
187,-1,1466,89,58,158,1,21.833,4.050,0.000
187,-1,334,389,95,235,1,6.500,8.550,0.000
187,-1,658,255,72,201,1,11.167,8.550,0.000
187,-1,715,231,69,194,1,12.167,8.550,0.000
187,-1,1117,50,46,142,1,22.833,9.150,0.000
187,-1,1166,14,42,132,1,25.833,9.750,0.000
187,-1,1176,11,42,131,1,26.167,9.750,0.000
187,-1,1057,37,45,138,1,23.500,10.350,0.000
187,-1,246,309,90,211,1,8.167,10.950,0.000
187,-1,497,220,71,187,1,11.833,10.950,0.000
187,-1,505,186,67,177,1,13.167,11.850,0.000
187,-1,482,184,67,176,1,13.167,12.150,0.000
187,-1,556,159,63,170,1,14.500,12.150,0.000
188,-1,1685,531,121,290,1,7.500,-1.950,0.000
188,-1,934,571,100,296,1,4.833,2.250,0.000
188,-1,821,513,98,279,1,5.500,3.450,0.000
188,-1,1443,88,56,157,1,21.833,4.350,0.000
188,-1,385,353,89,225,1,7.500,8.850,0.000
188,-1,690,229,69,193,1,12.167,8.850,0.000
188,-1,744,207,66,187,1,13.167,8.850,0.000
188,-1,1138,43,45,140,1,23.500,9.150,0.000
188,-1,1185,7,42,130,1,26.500,9.750,0.000
188,-1,299,316,88,213,1,8.167,10.350,0.000
188,-1,1067,34,45,137,1,23.833,10.350,0.000
188,-1,517,212,69,185,1,12.167,10.950,0.000
188,-1,528,188,66,178,1,13.167,11.550,0.000
188,-1,466,199,69,181,1,12.500,11.850,0.000
188,-1,524,179,66,175,1,13.500,11.850,0.000
188,-1,443,197,69,180,1,12.500,12.150,0.000
189,-1,1697,588,128,308,1,6.500,-2.250,0.000
189,-1,982,538,95,287,1,5.500,2.250,0.000
189,-1,846,498,95,275,1,5.833,3.450,0.000
189,-1,1598,10,58,140,1,27.833,4.050,0.000
189,-1,1426,98,57,159,1,21.167,4.350,0.000
189,-1,770,209,66,188,1,13.167,8.550,0.000
189,-1,708,221,68,191,1,12.500,8.850,0.000
189,-1,1158,35,44,138,1,24.167,9.150,0.000
189,-1,1168,31,44,137,1,24.500,9.150,0.000
189,-1,425,295,81,209,1,9.167,9.750,0.000
189,-1,1211,-1,41,127,1,27.500,9.750,0.000
189,-1,347,286,83,205,1,9.167,10.650,0.000
189,-1,416,261,77,198,1,10.167,10.650,0.000
189,-1,1068,25,44,134,1,24.500,10.650,0.000
189,-1,551,190,66,179,1,13.167,11.250,0.000
189,-1,426,213,72,184,1,11.833,11.850,0.000
189,-1,524,179,66,175,1,13.500,11.850,0.000
190,-1,1697,588,128,308,1,6.500,-2.250,0.000
190,-1,1006,522,92,283,1,5.833,2.250,0.000
190,-1,880,450,90,262,1,6.833,3.750,0.000
190,-1,1591,14,58,140,1,27.500,4.050,0.000
190,-1,1408,108,57,162,1,20.500,4.350,0.000
190,-1,744,207,66,187,1,13.167,8.850,0.000
190,-1,795,186,63,181,1,14.167,8.850,0.000
190,-1,478,301,81,211,1,9.167,9.150,0.000
190,-1,1177,19,43,133,1,25.500,9.450,0.000
190,-1,1079,13,42,131,1,25.500,10.950,0.000
190,-1,582,168,63,173,1,14.167,11.550,0.000
190,-1,384,227,74,188,1,11.167,11.850,0.000
190,-1,405,220,73,186,1,11.500,11.850,0.000
190,-1,463,190,68,178,1,12.833,12.150,0.000
191,-1,1684,606,129,313,1,6.167,-2.250,0.000
191,-1,1032,472,87,269,1,6.833,2.550,0.000
191,-1,917,455,89,264,1,6.833,3.450,0.000
191,-1,1578,22,57,142,1,26.833,4.050,0.000
191,-1,1389,118,57,165,1,19.833,4.350,0.000
191,-1,770,209,66,188,1,13.167,8.550,0.000
191,-1,527,295,79,211,1,9.500,8.850,0.000
191,-1,812,180,62,180,1,14.500,8.850,0.000
191,-1,1187,24,43,135,1,25.167,9.150,0.000
191,-1,605,170,63,174,1,14.167,11.250,0.000
191,-1,1080,5,42,128,1,26.167,11.250,0.000
191,-1,365,245,77,193,1,10.500,11.550,0.000
191,-1,441,188,68,177,1,12.833,12.450,0.000
192,-1,1073,444,84,262,1,7.500,2.550,0.000
192,-1,931,395,83,247,1,8.167,4.050,0.000
192,-1,1386,137,59,170,1,18.833,4.050,0.000
192,-1,1564,30,57,144,1,26.167,4.050,0.000
192,-1,804,195,64,184,1,13.833,8.550,0.000
192,-1,837,182,62,181,1,14.500,8.550,0.000
192,-1,570,277,76,206,1,10.167,8.850,0.000
192,-1,1213,5,42,129,1,26.833,9.450,0.000
192,-1,628,172,63,175,1,14.167,10.950,0.000
192,-1,432,232,74,190,1,11.167,11.250,0.000
192,-1,1090,2,41,127,1,26.500,11.250,0.000
192,-1,318,250,80,194,1,10.167,11.850,0.000
192,-1,426,213,72,184,1,11.833,11.850,0.000
193,-1,1093,431,83,258,1,7.833,2.550,0.000
193,-1,966,400,82,249,1,8.167,3.750,0.000
193,-1,1376,142,59,172,1,18.500,4.050,0.000
193,-1,1551,39,57,146,1,25.500,4.050,0.000
193,-1,853,175,61,179,1,14.833,8.550,0.000
193,-1,812,180,62,180,1,14.500,8.850,0.000
193,-1,639,224,69,191,1,12.167,9.450,0.000
193,-1,1221,2,42,129,1,27.167,9.450,0.000
193,-1,633,214,68,188,1,12.500,9.750,0.000
193,-1,476,227,72,189,1,11.500,10.950,0.000
193,-1,295,268,83,199,1,9.500,11.550,0.000
193,-1,380,208,73,182,1,11.833,12.450,0.000
194,-1,1112,419,81,255,1,8.167,2.550,0.000
194,-1,1362,168,61,180,1,17.167,3.750,0.000
194,-1,991,361,78,237,1,9.167,4.050,0.000
194,-1,1536,47,57,148,1,24.833,4.050,0.000
194,-1,875,155,59,172,1,15.833,8.850,0.000
194,-1,835,159,60,173,1,15.500,9.150,0.000
194,-1,663,191,65,181,1,13.500,10.050,0.000
194,-1,513,203,68,183,1,12.500,11.250,0.000
194,-1,271,276,85,202,1,9.167,11.550,0.000
194,-1,339,232,77,189,1,10.833,12.150,0.000
195,-1,1148,367,76,240,1,9.500,2.850,0.000
195,-1,1362,168,61,180,1,17.167,3.750,0.000
195,-1,1521,56,57,150,1,24.167,4.050,0.000
195,-1,999,313,73,223,1,10.500,4.650,0.000
195,-1,890,149,58,171,1,16.167,8.850,0.000
195,-1,866,147,58,170,1,16.167,9.150,0.000
195,-1,694,202,66,185,1,13.167,9.450,0.000
195,-1,695,148,60,168,1,15.500,10.950,0.000
195,-1,532,196,67,181,1,12.833,11.250,0.000
195,-1,220,293,90,206,1,8.500,11.550,0.000
195,-1,294,257,82,196,1,9.833,11.850,0.000
196,-1,1788,249,101,212,1,15.167,-1.050,0.000
196,-1,1165,357,76,236,1,9.833,2.850,0.000
196,-1,1351,175,62,181,1,16.833,3.750,0.000
196,-1,1029,340,75,231,1,9.833,4.050,0.000
196,-1,1506,65,57,152,1,23.500,4.050,0.000
196,-1,895,136,57,167,1,16.833,9.150,0.000
196,-1,910,130,56,165,1,17.167,9.150,0.000
196,-1,712,195,65,183,1,13.500,9.450,0.000
196,-1,712,142,59,167,1,15.833,10.950,0.000
196,-1,569,183,65,177,1,13.500,11.250,0.000
196,-1,166,311,96,211,1,7.833,11.550,0.000
196,-1,194,302,93,209,1,8.167,11.550,0.000
196,-1,270,265,84,198,1,9.500,11.850,0.000
197,-1,1785,214,97,202,1,16.500,-0.750,0.000
197,-1,1179,322,72,226,1,10.833,3.150,0.000
197,-1,1346,197,64,188,1,15.833,3.450,0.000
197,-1,1483,80,57,155,1,22.500,4.050,0.000
197,-1,1049,307,72,221,1,10.833,4.350,0.000
197,-1,910,130,56,165,1,17.167,9.150,0.000
197,-1,924,125,55,163,1,17.500,9.150,0.000
197,-1,748,159,61,172,1,15.167,10.050,0.000
197,-1,750,138,58,166,1,16.167,10.650,0.000
197,-1,108,329,103,217,1,7.167,11.550,0.000
197,-1,167,298,94,208,1,8.167,11.850,0.000
197,-1,595,154,62,169,1,14.833,11.850,0.000
197,-1,246,262,85,197,1,9.500,12.150,0.000
198,-1,1777,222,96,204,1,16.167,-0.750,0.000
198,-1,1195,312,72,223,1,11.167,3.150,0.000
198,-1,1334,204,64,190,1,15.500,3.450,0.000
198,-1,1475,84,57,156,1,22.167,4.050,0.000
198,-1,1051,285,70,215,1,11.500,4.650,0.000
198,-1,937,119,55,162,1,17.833,9.150,0.000
198,-1,951,114,54,160,1,18.167,9.150,0.000
198,-1,779,169,61,176,1,14.833,9.450,0.000
198,-1,76,338,107,220,1,6.833,11.550,0.000
198,-1,108,329,103,217,1,7.167,11.550,0.000
198,-1,194,302,93,209,1,8.167,11.550,0.000
198,-1,612,149,61,167,1,15.167,11.850,0.000
199,-1,1759,205,92,198,1,16.833,-0.450,0.000
199,-1,1195,312,72,223,1,11.167,3.150,0.000
199,-1,1328,228,66,198,1,14.500,3.150,0.000
199,-1,1458,94,58,159,1,21.500,4.050,0.000
199,-1,1068,277,68,212,1,11.833,4.650,0.000
199,-1,12,615,146,304,1,1.833,7.050,0.000
199,-1,955,102,53,157,1,18.833,9.450,0.000
199,-1,968,97,52,155,1,19.167,9.450,0.000
199,-1,803,149,59,170,1,15.833,9.750,0.000
199,-1,32,391,117,236,1,5.500,10.650,0.000
199,-1,1,387,121,235,1,5.500,10.950,0.000
199,-1,76,338,107,220,1,6.833,11.550,0.000
199,-1,166,311,96,211,1,7.833,11.550,0.000
199,-1,640,130,59,162,1,16.167,12.150,0.000
200,-1,1751,212,92,200,1,16.500,-0.450,0.000
200,-1,1322,255,69,206,1,13.500,2.850,0.000
200,-1,1207,281,69,214,1,12.167,3.450,0.000
200,-1,1448,116,59,165,1,20.167,3.750,0.000
200,-1,1085,249,65,203,1,12.833,4.950,0.000
200,-1,100,580,133,290,1,2.500,7.050,0.000
200,-1,821,188,63,182,1,14.167,8.550,0.000
200,-1,993,88,51,153,1,19.833,9.450,0.000
200,-1,971,86,51,152,1,19.833,9.750,0.000
200,-1,70,366,110,228,1,6.167,10.950,0.000
200,-1,108,329,103,217,1,7.167,11.550,0.000
201,-1,1742,188,89,193,1,17.500,-0.150,0.000
201,-1,1334,247,69,203,1,13.833,2.850,0.000
201,-1,1207,281,69,214,1,12.167,3.450,0.000
201,-1,1439,122,59,167,1,19.833,3.750,0.000
201,-1,1100,241,64,201,1,13.167,4.950,0.000
201,-1,176,570,126,287,1,2.833,6.750,0.000
201,-1,851,153,59,172,1,15.833,9.150,0.000
201,-1,993,88,51,153,1,19.833,9.450,0.000
201,-1,1017,79,50,150,1,20.500,9.450,0.000
201,-1,158,394,106,235,1,5.833,9.750,0.000
201,-1,76,338,107,220,1,6.833,11.550,0.000
201,-1,14,343,114,222,1,6.500,11.850,0.000
201,-1,680,84,53,148,1,18.833,13.350,0.000
202,-1,1719,179,85,190,1,17.833,0.150,0.000
202,-1,1322,255,69,206,1,13.500,2.850,0.000
202,-1,1219,253,66,205,1,13.167,3.750,0.000
202,-1,1430,127,60,168,1,19.500,3.750,0.000
202,-1,1115,233,63,199,1,13.500,4.950,0.000
202,-1,249,560,121,284,1,3.167,6.450,0.000
202,-1,247,408,102,239,1,5.833,8.850,0.000
202,-1,881,141,57,168,1,16.500,9.150,0.000
202,-1,1008,73,49,148,1,20.833,9.750,0.000
202,-1,1043,60,48,144,1,21.833,9.750,0.000
202,-1,14,343,114,222,1,6.500,11.850,0.000
202,-1,712,97,54,153,1,18.167,12.450,0.000
203,-1,1711,187,85,192,1,17.500,0.150,0.000
203,-1,1314,283,72,214,1,12.500,2.550,0.000
203,-1,1428,146,61,174,1,18.500,3.450,0.000
203,-1,1421,133,60,170,1,19.167,3.750,0.000
203,-1,1229,227,64,197,1,14.167,4.050,0.000
203,-1,1129,208,61,191,1,14.500,5.250,0.000
203,-1,316,529,114,275,1,3.833,6.450,0.000
203,-1,315,508,111,269,1,4.167,6.750,0.000
203,-1,305,385,96,233,1,6.500,8.850,0.000
203,-1,910,130,56,165,1,17.167,9.150,0.000
203,-1,1065,52,46,142,1,22.500,9.750,0.000
203,-1,1033,55,47,143,1,22.167,10.050,0.000
203,-1,720,86,53,149,1,18.833,12.750,0.000
204,-1,1688,178,82,188,1,17.833,0.450,0.000
204,-1,1301,292,72,217,1,12.167,2.550,0.000
204,-1,1408,158,62,177,1,17.833,3.450,0.000
204,-1,1229,227,64,197,1,14.167,4.050,0.000
204,-1,1156,195,60,187,1,15.167,5.250,0.000
204,-1,379,499,108,268,1,4.500,6.450,0.000
204,-1,390,382,93,234,1,6.833,8.250,0.000
204,-1,933,132,56,166,1,17.167,8.850,0.000
204,-1,1054,56,47,143,1,22.167,9.750,0.000
204,-1,1076,48,46,141,1,22.833,9.750,0.000
204,-1,741,88,53,150,1,18.833,12.450,0.000
205,-1,1669,142,76,178,1,19.500,1.050,0.000
205,-1,1671,117,74,171,1,20.833,1.350,0.000
205,-1,1288,301,73,220,1,11.833,2.550,0.000
205,-1,1686,27,67,148,1,26.500,2.550,0.000
205,-1,1388,171,62,180,1,17.167,3.450,0.000
205,-1,1242,220,63,195,1,14.500,4.050,0.000
205,-1,1170,188,59,185,1,15.500,5.250,0.000
205,-1,442,490,105,266,1,4.833,6.150,0.000
205,-1,441,360,89,228,1,7.500,8.250,0.000
205,-1,964,109,53,159,1,18.500,9.150,0.000
205,-1,1098,31,44,136,1,24.167,10.050,0.000
205,-1,1067,34,45,137,1,23.833,10.350,0.000
205,-1,1078,30,44,135,1,24.167,10.350,0.000
205,-1,1088,26,44,134,1,24.500,10.350,0.000
205,-1,756,67,51,144,1,20.167,13.050,0.000
206,-1,1661,148,76,179,1,19.167,1.050,0.000
206,-1,1278,334,76,229,1,10.833,2.250,0.000
206,-1,1639,27,63,146,1,26.500,3.150,0.000
206,-1,1378,177,63,182,1,16.833,3.450,0.000
206,-1,1267,205,62,190,1,15.167,4.050,0.000
206,-1,1195,175,58,181,1,16.167,5.250,0.000
206,-1,526,450,98,256,1,5.833,6.150,0.000
206,-1,509,317,82,217,1,8.833,8.550,0.000
206,-1,993,88,51,153,1,19.833,9.450,0.000
206,-1,1107,36,44,138,1,23.833,9.750,0.000
206,-1,1087,35,45,137,1,23.833,10.050,0.000
206,-1,769,78,52,148,1,19.500,12.450,0.000
207,-1,1811,153,94,188,1,19.167,-0.450,0.000
207,-1,1641,141,74,177,1,19.500,1.350,0.000
207,-1,1264,344,77,233,1,10.500,2.250,0.000
207,-1,1279,260,68,207,1,13.167,3.150,0.000
207,-1,1357,190,63,186,1,16.167,3.450,0.000
207,-1,1607,18,59,142,1,27.167,3.750,0.000
207,-1,1275,183,60,183,1,16.167,4.350,0.000
207,-1,1219,163,57,177,1,16.833,5.250,0.000
207,-1,593,460,97,260,1,5.833,5.550,0.000
207,-1,559,310,80,216,1,9.167,8.250,0.000
207,-1,1020,69,49,147,1,21.167,9.750,0.000
207,-1,1118,24,43,134,1,24.833,10.050,0.000
207,-1,1128,20,43,133,1,25.167,10.050,0.000
207,-1,1118,0,41,127,1,26.833,10.950,0.000
208,-1,1787,145,90,184,1,19.500,-0.150,0.000
208,-1,1629,127,71,172,1,20.167,1.650,0.000
208,-1,1249,355,78,236,1,10.167,2.250,0.000
208,-1,1265,268,69,210,1,12.833,3.150,0.000
208,-1,1334,204,64,190,1,15.500,3.450,0.000
208,-1,1307,201,63,189,1,15.500,3.750,0.000
208,-1,1571,26,57,143,1,26.500,4.050,0.000
208,-1,1286,176,60,182,1,16.500,4.350,0.000
208,-1,1242,151,56,174,1,17.500,5.250,0.000
208,-1,636,416,91,249,1,6.833,5.850,0.000
208,-1,628,400,90,244,1,7.167,6.150,0.000
208,-1,1051,76,49,149,1,20.833,9.150,0.000
208,-1,1118,24,43,134,1,24.833,10.050,0.000
208,-1,1147,13,42,131,1,25.833,10.050,0.000
209,-1,1778,125,87,179,1,20.500,0.150,0.000
209,-1,1237,392,81,247,1,9.167,1.950,0.000
209,-1,1625,109,69,167,1,21.167,1.950,0.000
209,-1,1323,211,65,192,1,15.167,3.450,0.000
209,-1,1318,194,63,187,1,15.833,3.750,0.000
209,-1,1298,170,60,180,1,16.833,4.350,0.000
209,-1,1528,25,55,141,1,26.500,4.650,0.000
209,-1,1268,153,57,174,1,17.500,4.950,0.000
209,-1,684,392,88,243,1,7.500,5.850,0.000
209,-1,679,289,76,212,1,10.167,7.650,0.000
209,-1,1076,48,46,141,1,22.833,9.750,0.000
209,-1,1118,16,42,132,1,25.500,10.350,0.000
209,-1,1156,2,41,128,1,26.833,10.350,0.000
209,-1,961,23,44,132,1,24.167,12.150,0.000
209,-1,802,60,49,142,1,20.833,12.750,0.000
210,-1,1749,152,86,184,1,19.167,0.150,0.000
210,-1,1220,404,82,250,1,8.833,1.950,0.000
210,-1,1617,114,69,169,1,20.833,1.950,0.000
210,-1,1287,233,66,199,1,14.167,3.450,0.000
210,-1,1307,201,63,189,1,15.500,3.750,0.000
210,-1,1302,185,61,184,1,16.167,4.050,0.000
210,-1,1319,158,59,176,1,17.500,4.350,0.000
210,-1,1330,152,59,174,1,17.833,4.350,0.000
210,-1,1271,167,59,179,1,16.833,4.650,0.000
210,-1,1290,142,57,171,1,18.167,4.950,0.000
210,-1,1485,23,52,139,1,26.500,5.250,0.000
210,-1,740,385,86,242,1,7.833,5.550,0.000
210,-1,728,283,75,211,1,10.500,7.350,0.000
210,-1,1097,40,45,139,1,23.500,9.750,0.000
210,-1,1087,35,45,137,1,23.833,10.050,0.000
210,-1,796,54,49,140,1,21.167,13.050,0.000
211,-1,1734,138,82,179,1,19.833,0.450,0.000
211,-1,1186,429,84,258,1,8.167,1.950,0.000
211,-1,1607,102,67,165,1,21.500,2.250,0.000
211,-1,1262,248,67,204,1,13.500,3.450,0.000
211,-1,1283,215,64,193,1,14.833,3.750,0.000
211,-1,1351,140,58,171,1,18.500,4.350,0.000
211,-1,1296,123,55,165,1,19.167,5.250,0.000
211,-1,784,363,83,236,1,8.500,5.550,0.000
211,-1,1449,30,51,140,1,25.833,5.550,0.000
211,-1,785,324,78,224,1,9.500,6.150,0.000
211,-1,785,289,75,213,1,10.500,6.750,0.000
211,-1,1118,32,44,137,1,24.167,9.750,0.000
211,-1,1156,2,41,128,1,26.833,10.350,0.000
211,-1,777,39,48,136,1,22.167,13.950,0.000
212,-1,1726,118,80,174,1,20.833,0.750,0.000
212,-1,1150,455,85,265,1,7.500,1.950,0.000
212,-1,1607,102,67,165,1,21.500,2.250,0.000
212,-1,1252,276,69,212,1,12.500,3.150,0.000
212,-1,1365,116,56,164,1,19.833,4.650,0.000
212,-1,838,356,81,234,1,8.833,5.250,0.000
212,-1,1306,118,55,164,1,19.500,5.250,0.000
212,-1,1415,24,49,138,1,26.167,6.150,0.000
212,-1,834,283,73,212,1,10.833,6.450,0.000
212,-1,1128,37,44,138,1,23.833,9.450,0.000
212,-1,1038,28,44,134,1,24.167,10.950,0.000
212,-1,996,5,42,127,1,25.833,12.450,0.000
213,-1,1706,111,77,171,1,21.167,1.050,0.000
213,-1,1707,88,75,165,1,22.500,1.350,0.000
213,-1,1131,503,90,278,1,6.500,1.650,0.000
213,-1,1596,91,65,161,1,22.167,2.550,0.000
213,-1,1238,285,70,215,1,12.167,3.150,0.000
213,-1,1374,111,56,163,1,20.167,4.650,0.000
213,-1,879,335,78,229,1,9.500,5.250,0.000
213,-1,1322,96,53,157,1,20.833,5.550,0.000
213,-1,1371,58,51,147,1,23.500,5.850,0.000
213,-1,871,266,71,207,1,11.500,6.450,0.000
213,-1,1147,21,43,134,1,25.167,9.750,0.000
213,-1,1147,13,42,131,1,25.833,10.050,0.000
213,-1,1010,22,44,132,1,24.500,11.550,0.000
213,-1,1012,14,43,130,1,25.167,11.850,0.000
214,-1,1693,99,74,167,1,21.833,1.350,0.000
214,-1,1694,77,72,162,1,23.167,1.650,0.000
214,-1,1090,497,89,277,1,6.500,1.950,0.000
214,-1,1586,79,63,158,1,22.833,2.850,0.000
214,-1,1209,303,71,220,1,11.500,3.150,0.000
214,-1,1393,101,56,160,1,20.833,4.650,0.000
214,-1,918,315,75,223,1,10.167,5.250,0.000
214,-1,1327,80,52,153,1,21.833,5.850,0.000
214,-1,918,261,70,206,1,11.833,6.150,0.000
214,-1,1332,65,50,148,1,22.833,6.150,0.000
214,-1,1157,18,42,133,1,25.500,9.750,0.000
215,-1,1811,153,94,188,1,19.167,-0.450,0.000
215,-1,1067,551,94,291,1,5.500,1.650,0.000
215,-1,1687,82,72,163,1,22.833,1.650,0.000
215,-1,1197,336,74,230,1,10.500,2.850,0.000
215,-1,1586,79,63,158,1,22.833,2.850,0.000
215,-1,1402,96,56,158,1,21.167,4.650,0.000
215,-1,955,296,73,218,1,10.833,5.250,0.000
215,-1,960,275,70,211,1,11.500,5.550,0.000
215,-1,1350,82,52,154,1,21.833,5.550,0.000
215,-1,969,237,66,199,1,12.833,6.150,0.000
215,-1,1297,58,49,146,1,23.167,6.750,0.000
215,-1,30,544,136,281,1,2.833,7.950,0.000
215,-1,1165,0,41,127,1,27.167,10.350,0.000
215,-1,972,51,47,141,1,22.167,10.950,0.000
216,-1,1804,160,94,189,1,18.833,-0.450,0.000
216,-1,1020,585,98,300,1,4.833,1.650,0.000
216,-1,1673,93,72,165,1,22.167,1.650,0.000
216,-1,1579,84,63,159,1,22.500,2.850,0.000
216,-1,1164,332,73,229,1,10.500,3.150,0.000
216,-1,1419,86,55,156,1,21.833,4.650,0.000
216,-1,1003,291,71,216,1,11.167,4.950,0.000
216,-1,1007,270,69,210,1,11.833,5.250,0.000
216,-1,1368,72,52,151,1,22.500,5.550,0.000
216,-1,1001,222,64,195,1,13.500,6.150,0.000
216,-1,1419,0,47,131,1,28.167,6.750,0.000
216,-1,1254,55,47,145,1,23.167,7.350,0.000
216,-1,113,494,122,264,1,3.833,8.250,0.000
216,-1,951,49,47,140,1,22.167,11.250,0.000
217,-1,1804,160,94,189,1,18.833,-0.450,0.000
217,-1,990,648,104,316,1,3.833,1.350,0.000
217,-1,1668,76,70,160,1,23.167,1.950,0.000
217,-1,1148,367,76,240,1,9.500,2.850,0.000
217,-1,1579,84,63,159,1,22.500,2.850,0.000
217,-1,1436,77,55,153,1,22.500,4.650,0.000
217,-1,1037,273,69,211,1,11.833,4.950,0.000
217,-1,1044,217,63,193,1,13.833,5.850,0.000
217,-1,1380,54,51,146,1,23.833,5.850,0.000
217,-1,1412,4,47,132,1,27.833,6.750,0.000
217,-1,1204,66,47,147,1,22.167,7.650,0.000
217,-1,1210,43,45,141,1,23.833,8.250,0.000
217,-1,151,462,115,255,1,4.500,8.550,0.000
217,-1,1184,0,41,128,1,27.167,10.050,0.000
217,-1,923,43,47,138,1,22.500,11.850,0.000
218,-1,1792,206,97,200,1,16.833,-0.750,0.000
218,-1,944,640,106,313,1,3.833,1.650,0.000
218,-1,1668,76,70,160,1,23.167,1.950,0.000
218,-1,1643,76,67,159,1,23.167,2.250,0.000
218,-1,1113,390,79,246,1,8.833,2.850,0.000
218,-1,1579,84,63,159,1,22.500,2.850,0.000
218,-1,1082,289,69,216,1,11.500,4.350,0.000
218,-1,1453,68,55,151,1,23.167,4.650,0.000
218,-1,1072,220,63,194,1,13.833,5.550,0.000
218,-1,1074,203,61,189,1,14.500,5.850,0.000
218,-1,1383,40,50,142,1,24.833,6.150,0.000
218,-1,1380,0,46,130,1,28.167,7.350,0.000
218,-1,1172,69,47,148,1,21.833,7.950,0.000
218,-1,248,441,106,249,1,5.167,8.250,0.000
218,-1,1185,7,42,130,1,26.500,9.750,0.000
218,-1,900,51,48,140,1,21.833,11.850,0.000
219,-1,1785,214,97,202,1,16.500,-0.750,0.000
219,-1,907,711,114,331,1,2.833,1.350,0.000
219,-1,1661,82,70,161,1,22.833,1.950,0.000
219,-1,1636,81,67,160,1,22.833,2.250,0.000
219,-1,1611,80,65,159,1,22.833,2.550,0.000
219,-1,1075,414,81,253,1,8.167,2.850,0.000
219,-1,1586,79,63,158,1,22.833,2.850,0.000
219,-1,1095,374,77,242,1,9.167,3.150,0.000
219,-1,1461,63,55,150,1,23.500,4.650,0.000
219,-1,1115,215,62,193,1,14.167,5.250,0.000
219,-1,1396,45,51,144,1,24.500,5.850,0.000
219,-1,1399,0,46,131,1,28.167,7.050,0.000
219,-1,1105,108,52,160,1,19.167,7.650,0.000
219,-1,1106,85,49,153,1,20.500,8.250,0.000
219,-1,277,412,101,241,1,5.833,8.550,0.000
219,-1,864,79,51,149,1,19.833,11.250,0.000
220,-1,1769,230,96,206,1,15.833,-0.750,0.000
220,-1,1666,99,72,166,1,21.833,1.650,0.000
220,-1,1055,426,82,257,1,7.833,2.850,0.000
220,-1,1608,65,64,155,1,23.833,2.850,0.000
220,-1,1584,64,62,154,1,23.833,3.150,0.000
220,-1,1144,236,64,200,1,13.500,4.650,0.000
220,-1,1476,54,55,148,1,24.167,4.650,0.000
220,-1,1156,195,60,187,1,15.167,5.250,0.000
220,-1,1142,185,59,184,1,15.500,5.550,0.000
220,-1,1407,28,49,139,1,25.833,6.150,0.000
220,-1,1409,16,48,136,1,26.833,6.450,0.000
220,-1,336,405,97,240,1,6.167,8.250,0.000
220,-1,1073,77,49,150,1,20.833,8.850,0.000
220,-1,844,78,51,148,1,19.833,11.550,0.000
221,-1,1752,247,96,210,1,15.167,-0.750,0.000
221,-1,1673,93,72,165,1,22.167,1.650,0.000
221,-1,1032,472,87,269,1,6.833,2.550,0.000
221,-1,1601,69,64,156,1,23.500,2.850,0.000
221,-1,1584,64,62,154,1,23.833,3.150,0.000
221,-1,1187,231,63,198,1,13.833,4.350,0.000
221,-1,1484,50,55,147,1,24.500,4.650,0.000
221,-1,1168,173,57,180,1,16.167,5.550,0.000
221,-1,1415,24,49,138,1,26.167,6.150,0.000
221,-1,413,357,89,227,1,7.500,8.550,0.000
221,-1,1025,96,51,155,1,19.500,8.850,0.000
221,-1,809,81,52,149,1,19.500,11.850,0.000
222,-1,1727,237,92,206,1,15.500,-0.450,0.000
222,-1,1666,99,72,166,1,21.833,1.650,0.000
222,-1,988,501,91,277,1,6.167,2.550,0.000
222,-1,1601,69,64,156,1,23.500,2.850,0.000
222,-1,1608,65,64,155,1,23.833,2.850,0.000
222,-1,1214,217,62,194,1,14.500,4.350,0.000
222,-1,1492,32,53,142,1,25.833,4.950,0.000
222,-1,1195,175,58,181,1,16.167,5.250,0.000
222,-1,1207,169,57,179,1,16.500,5.250,0.000
222,-1,1435,25,50,139,1,26.167,5.850,0.000
222,-1,458,323,84,218,1,8.500,8.850,0.000
222,-1,977,104,53,157,1,18.833,9.150,0.000
222,-1,789,97,54,153,1,18.500,11.550,0.000
223,-1,1718,245,92,208,1,15.167,-0.450,0.000
223,-1,1671,117,74,171,1,20.833,1.350,0.000
223,-1,965,516,93,281,1,5.833,2.550,0.000
223,-1,1601,69,64,156,1,23.500,2.850,0.000
223,-1,1608,65,64,155,1,23.833,2.850,0.000
223,-1,1615,60,64,154,1,24.167,2.850,0.000
223,-1,1242,220,63,195,1,14.500,4.050,0.000
223,-1,1499,28,53,141,1,26.167,4.950,0.000
223,-1,1439,1,48,132,1,28.167,6.450,0.000
223,-1,1225,68,48,148,1,22.167,7.350,0.000
223,-1,504,304,80,213,1,9.167,8.850,0.000
223,-1,932,101,53,156,1,18.833,9.750,0.000
224,-1,1701,262,92,212,1,14.500,-0.450,0.000
224,-1,1676,136,76,176,1,19.833,1.050,0.000
224,-1,917,547,98,289,1,5.167,2.550,0.000
224,-1,1625,70,65,157,1,23.500,2.550,0.000
224,-1,1605,50,62,151,1,24.833,3.150,0.000
224,-1,1267,205,62,190,1,15.167,4.050,0.000
224,-1,1506,24,53,140,1,26.500,4.950,0.000
224,-1,1450,18,50,137,1,26.833,5.850,0.000
224,-1,1257,65,48,148,1,22.500,7.050,0.000
224,-1,565,323,82,220,1,8.833,7.950,0.000
224,-1,897,104,53,157,1,18.500,10.050,0.000
225,-1,1700,302,96,223,1,13.167,-0.750,0.000
225,-1,1688,178,82,188,1,17.833,0.450,0.000
225,-1,865,581,103,298,1,4.500,2.550,0.000
225,-1,1639,60,66,155,1,24.167,2.550,0.000
225,-1,1615,60,64,154,1,24.167,2.850,0.000
225,-1,1302,185,61,184,1,16.167,4.050,0.000
225,-1,1520,16,53,139,1,27.167,4.950,0.000
225,-1,1279,104,53,160,1,20.167,5.850,0.000
225,-1,1466,-1,49,132,1,28.500,6.150,0.000
225,-1,609,304,79,215,1,9.500,7.950,0.000
225,-1,1287,2,43,129,1,27.500,8.550,0.000
225,-1,855,119,55,161,1,17.500,10.050,0.000
225,-1,869,114,55,160,1,17.833,10.050,0.000
225,-1,693,121,57,160,1,16.833,11.850,0.000
226,-1,1691,312,96,226,1,12.833,-0.750,0.000
226,-1,1695,201,85,195,1,16.833,0.150,0.000
226,-1,811,617,109,306,1,3.833,2.550,0.000
226,-1,1653,51,66,153,1,24.833,2.550,0.000
226,-1,1619,41,62,149,1,25.500,3.150,0.000
226,-1,1335,166,60,179,1,17.167,4.050,0.000
226,-1,1527,12,53,138,1,27.500,4.950,0.000
226,-1,1306,54,49,145,1,23.500,6.750,0.000
226,-1,1315,49,48,144,1,23.833,6.750,0.000
226,-1,651,244,71,197,1,11.500,8.850,0.000
226,-1,818,123,56,162,1,17.167,10.350,0.000
226,-1,656,152,61,169,1,15.167,11.250,0.000
227,-1,1561,698,130,338,1,4.500,-1.950,0.000
227,-1,1681,322,96,228,1,12.500,-0.750,0.000
227,-1,1695,201,85,195,1,16.833,0.150,0.000
227,-1,782,636,112,311,1,3.500,2.550,0.000
227,-1,811,617,109,306,1,3.833,2.550,0.000
227,-1,1656,32,64,148,1,26.167,2.850,0.000
227,-1,1626,36,62,148,1,25.833,3.150,0.000
227,-1,1367,184,63,184,1,16.500,3.450,0.000
227,-1,1533,-2,52,134,1,28.833,5.250,0.000
227,-1,1320,36,47,140,1,24.833,7.050,0.000
227,-1,700,280,75,209,1,10.500,7.650,0.000
227,-1,24,424,122,245,1,4.833,10.050,0.000
227,-1,781,108,55,157,1,17.833,11.250,0.000
227,-1,629,143,60,166,1,15.500,11.850,0.000
228,-1,1591,656,127,325,1,5.167,-1.950,0.000
228,-1,1672,332,96,231,1,12.167,-0.750,0.000
228,-1,1703,194,85,193,1,17.167,0.150,0.000
228,-1,753,655,115,315,1,3.167,2.550,0.000
228,-1,1405,180,64,183,1,16.833,3.150,0.000
228,-1,1645,23,63,145,1,26.833,3.150,0.000
228,-1,1652,19,63,144,1,27.167,3.150,0.000
228,-1,1341,86,53,155,1,21.500,5.550,0.000
228,-1,736,197,65,184,1,13.500,9.150,0.000
228,-1,92,417,114,242,1,5.167,9.750,0.000
228,-1,739,173,62,177,1,14.500,9.750,0.000
228,-1,595,154,62,169,1,14.833,11.850,0.000
229,-1,1606,636,126,320,1,5.500,-1.950,0.000
229,-1,1652,353,97,237,1,11.500,-0.750,0.000
229,-1,1702,227,88,202,1,15.833,-0.150,0.000
229,-1,1435,161,63,178,1,17.833,3.150,0.000
229,-1,1664,10,63,143,1,27.833,3.150,0.000
229,-1,1671,6,63,142,1,28.167,3.150,0.000
229,-1,1683,-1,64,141,1,28.833,3.150,0.000
229,-1,1359,77,52,152,1,22.167,5.550,0.000
229,-1,768,236,69,197,1,12.167,7.950,0.000
229,-1,161,364,102,227,1,6.500,10.350,0.000
229,-1,546,181,65,176,1,13.500,11.550,0.000
229,-1,699,128,58,162,1,16.500,11.550,0.000
230,-1,1639,525,116,286,1,7.500,-1.650,0.000
230,-1,1637,416,103,255,1,9.833,-1.050,0.000
230,-1,1702,227,88,202,1,15.833,-0.150,0.000
230,-1,1463,143,63,173,1,18.833,3.150,0.000
230,-1,1677,2,63,141,1,28.500,3.150,0.000
230,-1,1683,-1,64,141,1,28.833,3.150,0.000
230,-1,1376,68,52,150,1,22.833,5.550,0.000
230,-1,804,221,67,192,1,12.833,7.950,0.000
230,-1,219,358,97,225,1,6.833,10.050,0.000
230,-1,219,344,96,221,1,7.167,10.350,0.000
230,-1,667,139,59,165,1,15.833,11.550,0.000
230,-1,505,186,67,177,1,13.167,11.850,0.000
231,-1,1651,509,115,282,1,7.833,-1.650,0.000
231,-1,1626,428,103,258,1,9.500,-1.050,0.000
231,-1,1710,254,92,210,1,14.833,-0.450,0.000
231,-1,1489,145,64,174,1,18.833,2.850,0.000
231,-1,1683,-1,64,141,1,28.833,3.150,0.000
231,-1,1385,63,52,149,1,23.167,5.550,0.000
231,-1,848,216,66,191,1,13.167,7.650,0.000
231,-1,1276,-2,43,128,1,27.833,8.850,0.000
231,-1,246,321,91,214,1,7.833,10.650,0.000
231,-1,629,143,60,166,1,15.500,11.850,0.000
231,-1,463,190,68,178,1,12.833,12.150,0.000
232,-1,1673,547,121,294,1,7.167,-1.950,0.000
232,-1,1614,441,104,262,1,9.167,-1.050,0.000
232,-1,1701,262,92,212,1,14.500,-0.450,0.000
232,-1,1507,133,64,171,1,19.500,2.850,0.000
232,-1,1388,49,51,145,1,24.167,5.850,0.000
232,-1,872,193,63,184,1,14.167,7.950,0.000
232,-1,1202,1,41,128,1,27.167,9.750,0.000
232,-1,299,316,88,213,1,8.167,10.350,0.000
232,-1,443,197,69,180,1,12.500,12.150,0.000
233,-1,1708,500,119,281,1,8.167,-1.950,0.000
233,-1,1602,455,105,265,1,8.833,-1.050,0.000
233,-1,1692,271,92,214,1,14.167,-0.450,0.000
233,-1,1539,93,62,160,1,21.833,3.150,0.000
233,-1,1404,41,50,143,1,24.833,5.850,0.000
233,-1,913,188,62,183,1,14.500,7.650,0.000
233,-1,1249,0,42,128,1,27.500,9.150,0.000
233,-1,1194,4,41,129,1,26.833,9.750,0.000
233,-1,349,298,84,208,1,8.833,10.350,0.000
233,-1,551,190,66,179,1,13.167,11.250,0.000
233,-1,384,227,74,188,1,11.167,11.850,0.000
234,-1,1708,438,112,263,1,9.500,-1.650,0.000
234,-1,1719,425,112,259,1,9.833,-1.650,0.000
234,-1,1688,408,107,253,1,10.167,-1.350,0.000
234,-1,1577,483,106,273,1,8.167,-1.050,0.000
234,-1,1692,271,92,214,1,14.167,-0.450,0.000
234,-1,1556,100,63,163,1,21.500,2.850,0.000
234,-1,1407,28,49,139,1,25.833,6.150,0.000
234,-1,944,175,60,180,1,15.167,7.650,0.000
234,-1,1236,23,44,135,1,25.500,8.550,0.000
234,-1,373,289,82,206,1,9.167,10.350,0.000
234,-1,368,266,79,199,1,9.833,10.950,0.000
234,-1,513,203,68,183,1,12.500,11.250,0.000
235,-1,1564,497,107,277,1,7.833,-1.050,0.000
235,-1,1681,322,96,228,1,12.500,-0.750,0.000
235,-1,1579,84,63,159,1,22.500,2.850,0.000
235,-1,1415,24,49,138,1,26.167,6.150,0.000
235,-1,977,149,57,172,1,16.500,7.950,0.000
235,-1,1227,26,44,136,1,25.167,8.550,0.000
235,-1,1177,19,43,133,1,25.500,9.450,0.000
235,-1,419,272,79,202,1,9.833,10.350,0.000
235,-1,416,261,77,198,1,10.167,10.650,0.000
235,-1,459,245,74,194,1,10.833,10.650,0.000
235,-1,316,239,79,191,1,10.500,12.150,0.000
236,-1,1537,528,109,286,1,7.167,-1.050,0.000
236,-1,1672,332,96,231,1,12.167,-0.750,0.000
236,-1,1604,85,65,160,1,22.500,2.550,0.000
236,-1,351,535,113,277,1,3.833,6.150,0.000
236,-1,1016,145,56,171,1,16.833,7.650,0.000
236,-1,1207,25,44,135,1,25.167,8.850,0.000
236,-1,1168,31,44,137,1,24.500,9.150,0.000
236,-1,438,253,76,196,1,10.500,10.650,0.000
236,-1,435,242,75,193,1,10.833,10.950,0.000
236,-1,270,255,83,195,1,9.833,12.150,0.000
237,-1,1523,544,110,290,1,6.833,-1.050,0.000
237,-1,1662,343,97,234,1,11.833,-0.750,0.000
237,-1,1618,75,65,158,1,23.167,2.550,0.000
237,-1,399,430,98,248,1,5.833,7.350,0.000
237,-1,1042,134,55,167,1,17.500,7.650,0.000
237,-1,1199,37,45,139,1,24.167,8.550,0.000
237,-1,1148,39,44,139,1,23.833,9.150,0.000
237,-1,463,255,75,197,1,10.500,10.350,0.000
237,-1,389,247,77,194,1,10.500,11.250,0.000
237,-1,246,273,86,201,1,9.167,11.850,0.000
238,-1,1493,577,112,300,1,6.167,-1.050,0.000
238,-1,1652,353,97,237,1,11.500,-0.750,0.000
238,-1,1632,65,66,156,1,23.833,2.550,0.000
238,-1,1636,46,64,151,1,25.167,2.850,0.000
238,-1,1575,-2,55,135,1,28.833,4.650,0.000
238,-1,1459,2,49,133,1,28.167,6.150,0.000
238,-1,1079,130,54,166,1,17.833,7.350,0.000
238,-1,1189,41,45,140,1,23.833,8.550,0.000
238,-1,1138,43,45,140,1,23.500,9.150,0.000
238,-1,501,229,72,190,1,11.500,10.650,0.000
238,-1,344,263,80,198,1,9.833,11.250,0.000
238,-1,194,290,91,205,1,8.500,11.850,0.000
239,-1,1458,681,122,329,1,4.500,-1.350,0.000
239,-1,1641,364,97,240,1,11.167,-0.750,0.000
239,-1,1646,55,66,154,1,24.500,2.550,0.000
239,-1,1611,2,58,138,1,28.500,4.050,0.000
239,-1,1555,9,55,138,1,27.833,4.650,0.000
239,-1,1117,81,49,151,1,20.833,8.250,0.000
239,-1,525,232,72,191,1,11.500,10.350,0.000
239,-1,320,271,82,200,1,9.500,11.250,0.000
239,-1,166,311,96,211,1,7.833,11.550,0.000
240,-1,1440,702,124,335,1,4.167,-1.350,0.000
240,-1,1631,376,98,243,1,10.833,-0.750,0.000
240,-1,1671,56,68,155,1,24.500,2.250,0.000
240,-1,1548,13,55,139,1,27.500,4.650,0.000
240,-1,1117,70,48,148,1,21.500,8.550,0.000
240,-1,1128,66,47,147,1,21.833,8.550,0.000
240,-1,1159,53,46,143,1,22.833,8.550,0.000
240,-1,1117,60,47,145,1,22.167,8.850,0.000
240,-1,560,208,68,185,1,12.500,10.650,0.000
240,-1,272,288,86,205,1,8.833,11.250,0.000
240,-1,137,320,99,214,1,7.500,11.550,0.000
241,-1,1409,672,119,326,1,4.500,-1.050,0.000
241,-1,1609,399,99,249,1,10.167,-0.750,0.000
241,-1,1677,51,68,154,1,24.833,2.250,0.000
241,-1,1571,26,57,143,1,26.500,4.050,0.000
241,-1,1549,25,56,142,1,26.500,4.350,0.000
241,-1,1596,-1,56,136,1,28.833,4.350,0.000
241,-1,1534,8,53,137,1,27.833,4.950,0.000
241,-1,1150,67,47,147,1,21.833,8.250,0.000
241,-1,1096,59,47,144,1,22.167,9.150,0.000
241,-1,579,201,67,183,1,12.833,10.650,0.000
241,-1,246,309,90,211,1,8.167,10.950,0.000
241,-1,76,338,107,220,1,6.833,11.550,0.000
242,-1,1509,689,126,333,1,4.500,-1.650,0.000
242,-1,1597,411,99,253,1,9.833,-0.750,0.000
242,-1,1677,51,68,154,1,24.833,2.250,0.000
242,-1,1564,30,57,144,1,26.167,4.050,0.000
242,-1,1528,38,56,145,1,25.500,4.350,0.000
242,-1,1554,-2,54,135,1,28.833,4.950,0.000
242,-1,1173,79,48,151,1,21.167,7.650,0.000
242,-1,1150,78,48,151,1,21.167,7.950,0.000
242,-1,1074,67,48,147,1,21.500,9.150,0.000
242,-1,192,327,96,216,1,7.500,10.950,0.000
242,-1,40,361,113,227,1,6.167,11.250,0.000
242,-1,622,164,62,172,1,14.500,11.250,0.000
243,-1,1556,629,122,316,1,5.500,-1.650,0.000
243,-1,1553,567,115,297,1,6.500,-1.350,0.000
243,-1,1564,497,107,277,1,7.833,-1.050,0.000
243,-1,1529,52,57,149,1,24.500,4.050,0.000
243,-1,1551,39,57,146,1,25.500,4.050,0.000
243,-1,1193,70,48,149,1,21.833,7.650,0.000
243,-1,1062,71,48,148,1,21.167,9.150,0.000
243,-1,136,333,101,218,1,7.167,11.250,0.000
243,-1,651,144,60,166,1,15.500,11.550,0.000
244,-1,1571,610,121,310,1,5.833,-1.650,0.000
244,-1,1548,463,102,267,1,8.500,-0.750,0.000
244,-1,1552,53,59,150,1,24.500,3.750,0.000
244,-1,1521,56,57,150,1,24.167,4.050,0.000
244,-1,1204,66,47,147,1,22.167,7.650,0.000
244,-1,1039,80,50,151,1,20.500,9.150,0.000
244,-1,73,352,108,224,1,6.500,11.250,0.000
244,-1,683,133,58,163,1,16.167,11.550,0.000
244,-1,789,49,48,139,1,21.500,13.350,0.000
245,-1,1586,592,119,305,1,6.167,-1.650,0.000
245,-1,1508,458,99,265,1,8.500,-0.450,0.000
245,-1,1530,67,59,153,1,23.500,3.750,0.000
245,-1,1506,65,57,152,1,23.500,4.050,0.000
245,-1,1578,22,57,142,1,26.833,4.050,0.000
245,-1,1221,48,46,142,1,23.500,7.950,0.000
245,-1,1015,90,51,153,1,19.833,9.150,0.000
245,-1,724,110,56,157,1,17.500,11.850,0.000
245,-1,796,54,49,140,1,21.167,13.050,0.000
246,-1,1639,525,116,286,1,7.500,-1.650,0.000
246,-1,1495,472,100,269,1,8.167,-0.450,0.000
246,-1,1522,71,59,154,1,23.167,3.750,0.000
246,-1,1566,44,59,148,1,25.167,3.750,0.000
246,-1,1491,75,57,154,1,22.833,4.050,0.000
246,-1,1231,44,46,141,1,23.833,7.950,0.000
246,-1,1003,94,51,155,1,19.500,9.150,0.000
246,-1,761,89,53,151,1,18.833,12.150,0.000
246,-1,789,80,52,148,1,19.500,12.150,0.000
247,-1,1663,494,114,278,1,8.167,-1.650,0.000
247,-1,1466,500,102,277,1,7.500,-0.450,0.000
247,-1,1546,72,60,155,1,23.167,3.450,0.000
247,-1,1559,48,59,149,1,24.833,3.750,0.000
247,-1,1475,84,57,156,1,22.167,4.050,0.000
247,-1,1258,32,45,138,1,24.833,7.950,0.000
247,-1,987,111,53,160,1,18.500,8.850,0.000
247,-1,789,97,54,153,1,18.500,11.550,0.000
247,-1,789,80,52,148,1,19.500,12.150,0.000
248,-1,1686,465,113,270,1,8.833,-1.650,0.000
248,-1,1420,547,105,291,1,6.500,-0.450,0.000
248,-1,1530,67,59,153,1,23.500,3.750,0.000
248,-1,1552,53,59,150,1,24.500,3.750,0.000
248,-1,1458,94,58,159,1,21.500,4.050,0.000
248,-1,964,109,53,159,1,18.500,9.150,0.000
248,-1,803,110,55,158,1,17.833,10.950,0.000
248,-1,775,84,52,149,1,19.167,12.150,0.000
249,-1,1708,438,112,263,1,9.500,-1.650,0.000
249,-1,1387,581,108,300,1,5.833,-0.450,0.000
249,-1,1522,87,60,158,1,22.167,3.450,0.000
249,-1,1537,62,59,152,1,23.833,3.750,0.000
249,-1,1450,99,58,160,1,21.167,4.050,0.000
249,-1,960,121,55,163,1,17.833,8.850,0.000
249,-1,845,95,53,153,1,18.833,10.950,0.000
249,-1,749,77,52,147,1,19.500,12.750,0.000
250,-1,1729,412,112,256,1,10.167,-1.650,0.000
250,-1,1351,617,110,310,1,5.167,-0.450,0.000
250,-1,1825,139,94,185,1,19.833,-0.450,0.000
250,-1,1448,116,59,165,1,20.167,3.750,0.000
250,-1,1514,76,59,155,1,22.833,3.750,0.000
250,-1,1530,67,59,153,1,23.500,3.750,0.000
250,-1,933,132,56,166,1,17.167,8.850,0.000
250,-1,885,81,51,149,1,19.833,10.950,0.000
250,-1,720,86,53,149,1,18.833,12.750,0.000
251,-1,1759,376,111,246,1,11.167,-1.650,0.000
251,-1,1811,153,94,188,1,19.167,-0.450,0.000
251,-1,1306,610,108,307,1,5.167,-0.150,0.000
251,-1,1055,738,112,339,1,2.833,0.450,0.000
251,-1,1481,131,62,170,1,19.500,3.150,0.000
251,-1,1455,129,61,169,1,19.500,3.450,0.000
251,-1,1522,87,60,158,1,22.167,3.450,0.000
251,-1,1430,127,60,168,1,19.500,3.750,0.000
251,-1,1439,122,59,167,1,19.833,3.750,0.000
251,-1,991,143,57,170,1,16.833,7.950,0.000
251,-1,919,137,57,167,1,16.833,8.850,0.000
251,-1,906,82,51,150,1,19.833,10.650,0.000
251,-1,697,102,55,154,1,17.833,12.450,0.000
252,-1,1777,353,111,240,1,11.833,-1.650,0.000
252,-1,1800,198,97,199,1,17.167,-0.750,0.000
252,-1,1246,668,111,323,1,4.167,-0.150,0.000
252,-1,1055,738,112,339,1,2.833,0.450,0.000
252,-1,1428,146,61,174,1,18.500,3.450,0.000
252,-1,1473,118,61,166,1,20.167,3.450,0.000
252,-1,1498,102,60,162,1,21.167,3.450,0.000
252,-1,953,147,57,171,1,16.500,8.250,0.000
252,-1,884,163,60,175,1,15.500,8.550,0.000
252,-1,919,137,57,167,1,16.833,8.850,0.000
252,-1,919,106,53,158,1,18.500,9.750,0.000
252,-1,919,77,50,149,1,20.167,10.650,0.000
252,-1,666,112,56,157,1,17.167,12.450,0.000
253,-1,1800,278,105,220,1,14.167,-1.350,0.000
253,-1,1804,232,101,208,1,15.833,-1.050,0.000
253,-1,1203,711,114,334,1,3.500,-0.150,0.000
253,-1,1082,716,110,334,1,3.167,0.450,0.000
253,-1,1418,152,62,175,1,18.167,3.450,0.000
253,-1,1473,118,61,166,1,20.167,3.450,0.000
253,-1,1482,113,60,165,1,20.500,3.450,0.000
253,-1,893,171,60,178,1,15.167,8.250,0.000
253,-1,884,163,60,175,1,15.500,8.550,0.000
253,-1,1232,6,42,130,1,26.833,9.150,0.000
253,-1,944,69,49,146,1,20.833,10.650,0.000
253,-1,635,123,58,160,1,16.500,12.450,0.000
254,-1,1785,214,97,202,1,16.500,-0.750,0.000
254,-1,1405,180,64,183,1,16.833,3.150,0.000
254,-1,1435,161,63,178,1,17.833,3.150,0.000
254,-1,1464,124,61,167,1,19.833,3.450,0.000
254,-1,929,182,61,181,1,14.833,7.650,0.000
254,-1,860,161,60,174,1,15.500,8.850,0.000
254,-1,1216,21,43,134,1,25.500,8.850,0.000
254,-1,972,51,47,141,1,22.167,10.950,0.000
254,-1,602,134,59,163,1,15.833,12.450,0.000
255,-1,1777,222,96,204,1,16.167,-0.750,0.000
255,-1,1082,716,110,334,1,3.167,0.450,0.000
255,-1,1388,171,62,180,1,17.167,3.450,0.000
255,-1,1446,135,61,170,1,19.167,3.450,0.000
255,-1,837,182,62,181,1,14.500,8.550,0.000
255,-1,1198,29,44,136,1,24.833,8.850,0.000
255,-1,992,52,47,141,1,22.167,10.650,0.000
255,-1,569,145,61,166,1,15.167,12.450,0.000
256,-1,1769,230,96,206,1,15.833,-0.750,0.000
256,-1,1084,665,105,321,1,3.833,0.750,0.000
256,-1,1395,186,64,185,1,16.500,3.150,0.000
256,-1,1367,184,63,184,1,16.500,3.450,0.000
256,-1,1428,146,61,174,1,18.500,3.450,0.000
256,-1,821,188,63,182,1,14.167,8.550,0.000
256,-1,1179,36,44,138,1,24.167,8.850,0.000
256,-1,1003,48,47,140,1,22.500,10.650,0.000
256,-1,538,165,64,171,1,14.167,12.150,0.000
257,-1,1751,212,92,200,1,16.500,-0.450,0.000
257,-1,1086,618,101,309,1,4.500,1.050,0.000
257,-1,1374,200,65,189,1,15.833,3.150,0.000
257,-1,1384,193,65,187,1,16.167,3.150,0.000
257,-1,1334,204,64,190,1,15.500,3.450,0.000
257,-1,1408,158,62,177,1,17.833,3.450,0.000
257,-1,855,200,64,186,1,13.833,7.950,0.000
257,-1,795,211,66,189,1,13.167,8.250,0.000
257,-1,1169,40,45,139,1,23.833,8.850,0.000
257,-1,1028,31,45,135,1,23.833,10.950,0.000
257,-1,501,177,66,174,1,13.500,12.150,0.000
258,-1,1744,256,96,212,1,14.833,-0.750,0.000
258,-1,1109,599,99,304,1,4.833,1.050,0.000
258,-1,1351,214,66,193,1,15.167,3.150,0.000
258,-1,1311,218,65,194,1,14.833,3.450,0.000
258,-1,1388,171,62,180,1,17.167,3.450,0.000
258,-1,1044,121,54,163,1,18.167,7.950,0.000
258,-1,752,216,67,190,1,12.833,8.550,0.000
258,-1,1149,48,45,142,1,23.167,8.850,0.000
258,-1,1148,39,44,139,1,23.833,9.150,0.000
258,-1,1044,50,47,141,1,22.500,10.050,0.000
258,-1,1046,41,46,139,1,23.167,10.350,0.000
258,-1,457,173,66,173,1,13.500,12.750,0.000
259,-1,1727,274,96,216,1,14.167,-0.750,0.000
259,-1,1801,132,90,182,1,20.167,-0.150,0.000
259,-1,1109,599,99,304,1,4.833,1.050,0.000
259,-1,1334,247,69,203,1,13.833,2.850,0.000
259,-1,1291,251,68,205,1,13.500,3.150,0.000
259,-1,1357,190,63,186,1,16.167,3.450,0.000
259,-1,813,231,68,196,1,12.500,7.650,0.000
259,-1,734,224,68,192,1,12.500,8.550,0.000
259,-1,1128,56,46,144,1,22.500,8.850,0.000
259,-1,1070,9,42,129,1,25.833,11.250,0.000
259,-1,421,195,70,179,1,12.500,12.450,0.000
260,-1,1509,689,126,333,1,4.500,-1.650,0.000
260,-1,1718,283,96,219,1,13.833,-0.750,0.000
260,-1,1811,153,94,188,1,19.167,-0.450,0.000
260,-1,1131,541,93,289,1,5.833,1.350,0.000
260,-1,1309,263,70,208,1,13.167,2.850,0.000
260,-1,1265,268,69,210,1,12.833,3.150,0.000
260,-1,1346,197,64,188,1,15.833,3.450,0.000
260,-1,777,247,70,200,1,11.833,7.650,0.000
260,-1,1093,101,51,157,1,19.500,7.950,0.000
260,-1,1094,90,50,154,1,20.167,8.250,0.000
260,-1,697,239,70,196,1,11.833,8.550,0.000
260,-1,380,208,73,182,1,11.833,12.450,0.000
261,-1,1508,621,118,312,1,5.500,-1.350,0.000
261,-1,1718,283,96,219,1,13.833,-0.750,0.000
261,-1,1804,160,94,189,1,18.833,-0.450,0.000
261,-1,1151,525,93,284,1,6.167,1.350,0.000
261,-1,1296,271,70,211,1,12.833,2.850,0.000
261,-1,1252,276,69,212,1,12.500,3.150,0.000
261,-1,1323,211,65,192,1,15.167,3.450,0.000
261,-1,758,255,71,202,1,11.500,7.650,0.000
261,-1,1105,96,50,156,1,19.833,7.950,0.000
261,-1,665,266,74,204,1,10.833,8.250,0.000
261,-1,1094,90,50,154,1,20.167,8.250,0.000
261,-1,1088,26,44,134,1,24.500,10.350,0.000
261,-1,1099,14,42,131,1,25.500,10.650,0.000
261,-1,336,213,75,183,1,11.500,12.750,0.000
262,-1,1508,560,111,295,1,6.500,-1.050,0.000
262,-1,1771,267,100,216,1,14.500,-1.050,0.000
262,-1,1700,302,96,223,1,13.167,-0.750,0.000
262,-1,1797,167,93,190,1,18.500,-0.450,0.000
262,-1,1151,525,93,284,1,6.167,1.350,0.000
262,-1,1256,298,72,219,1,11.833,2.850,0.000
262,-1,1283,280,71,213,1,12.500,2.850,0.000
262,-1,1224,294,71,218,1,11.833,3.150,0.000
262,-1,1238,285,70,215,1,12.167,3.150,0.000
262,-1,1299,225,65,197,1,14.500,3.450,0.000
262,-1,1141,129,53,166,1,18.167,6.750,0.000
262,-1,712,260,72,203,1,11.167,7.950,0.000
262,-1,645,274,75,207,1,10.500,8.250,0.000
262,-1,1073,77,49,150,1,20.833,8.850,0.000
262,-1,315,229,77,188,1,10.833,12.450,0.000
262,-1,314,220,76,185,1,11.167,12.750,0.000
263,-1,1493,577,112,300,1,6.167,-1.050,0.000
263,-1,1763,276,100,218,1,14.167,-1.050,0.000
263,-1,1771,267,100,216,1,14.500,-1.050,0.000
263,-1,1691,312,96,226,1,12.833,-0.750,0.000
263,-1,1792,206,97,200,1,16.833,-0.750,0.000
263,-1,1171,509,92,280,1,6.500,1.350,0.000
263,-1,1197,336,74,230,1,10.500,2.850,0.000
263,-1,1262,248,67,204,1,13.500,3.450,0.000
263,-1,1275,240,66,201,1,13.833,3.450,0.000
263,-1,679,289,76,212,1,10.167,7.650,0.000
263,-1,609,304,79,215,1,9.500,7.950,0.000
263,-1,44,483,127,262,1,3.833,8.850,0.000
263,-1,1049,86,50,153,1,20.167,8.850,0.000
263,-1,269,234,80,189,1,10.500,12.750,0.000
264,-1,1765,318,105,230,1,12.833,-1.350,0.000
264,-1,1494,522,106,284,1,7.167,-0.750,0.000
264,-1,1681,322,96,228,1,12.500,-0.750,0.000
264,-1,1777,222,96,204,1,16.167,-0.750,0.000
264,-1,1190,495,91,276,1,6.833,1.350,0.000
264,-1,1181,346,75,233,1,10.167,2.850,0.000
264,-1,1241,307,72,221,1,11.500,2.850,0.000
264,-1,1249,256,67,206,1,13.167,3.450,0.000
264,-1,637,307,79,216,1,9.500,7.650,0.000
264,-1,1183,75,48,150,1,21.500,7.650,0.000
264,-1,581,301,79,213,1,9.500,8.250,0.000
264,-1,1013,101,52,157,1,19.167,8.850,0.000
264,-1,49,464,124,256,1,4.167,9.150,0.000
264,-1,86,451,119,252,1,4.500,9.150,0.000
264,-1,221,270,87,200,1,9.167,12.150,0.000
265,-1,1756,328,105,232,1,12.500,-1.350,0.000
265,-1,1763,276,100,218,1,14.167,-1.050,0.000
265,-1,1672,332,96,231,1,12.167,-0.750,0.000
265,-1,1495,472,100,269,1,8.167,-0.450,0.000
265,-1,1220,404,82,250,1,8.833,1.950,0.000
265,-1,1147,342,74,232,1,10.167,3.150,0.000
265,-1,1224,294,71,218,1,11.833,3.150,0.000
265,-1,1221,273,68,211,1,12.500,3.450,0.000
265,-1,1198,103,51,159,1,19.833,6.750,0.000
265,-1,593,327,82,221,1,8.833,7.650,0.000
265,-1,542,333,83,222,1,8.500,7.950,0.000
265,-1,1000,106,53,158,1,18.833,8.850,0.000
265,-1,156,410,108,240,1,5.500,9.450,0.000
265,-1,95,401,112,237,1,5.500,10.050,0.000
265,-1,166,311,96,211,1,7.833,11.550,0.000
266,-1,1747,339,105,235,1,12.167,-1.350,0.000
266,-1,1745,295,100,223,1,13.500,-1.050,0.000
266,-1,1662,343,97,234,1,11.833,-0.750,0.000
266,-1,1496,385,90,244,1,10.167,0.150,0.000
266,-1,1240,421,85,255,1,8.500,1.650,0.000
266,-1,1197,336,74,230,1,10.500,2.850,0.000
266,-1,1130,352,75,235,1,9.833,3.150,0.000
266,-1,1207,281,69,214,1,12.167,3.450,0.000
266,-1,1209,98,51,157,1,20.167,6.750,0.000
266,-1,565,323,82,220,1,8.833,7.950,0.000
266,-1,514,330,83,221,1,8.500,8.250,0.000
266,-1,970,128,55,165,1,17.500,8.550,0.000
266,-1,187,415,106,241,1,5.500,9.150,0.000
266,-1,158,394,106,235,1,5.833,9.750,0.000
266,-1,161,364,102,227,1,6.500,10.350,0.000
267,-1,1738,350,105,238,1,11.833,-1.350,0.000
267,-1,1659,391,102,248,1,10.500,-1.050,0.000
267,-1,1728,315,100,228,1,12.833,-1.050,0.000
267,-1,1482,439,96,260,1,8.833,-0.150,0.000
267,-1,1240,421,85,255,1,8.500,1.650,0.000
267,-1,1094,402,80,250,1,8.500,2.850,0.000
267,-1,1165,357,76,236,1,9.833,2.850,0.000
267,-1,1178,299,70,219,1,11.500,3.450,0.000
267,-1,1219,94,50,156,1,20.500,6.750,0.000
267,-1,519,343,85,225,1,8.167,7.950,0.000
267,-1,490,340,85,223,1,8.167,8.250,0.000
267,-1,943,139,57,168,1,16.833,8.550,0.000
267,-1,218,388,101,233,1,6.167,9.450,0.000
267,-1,189,383,102,232,1,6.167,9.750,0.000
267,-1,105,342,104,221,1,6.833,11.250,0.000
268,-1,1728,361,106,241,1,11.500,-1.350,0.000
268,-1,1738,350,105,238,1,11.833,-1.350,0.000
268,-1,1637,416,103,255,1,9.833,-1.050,0.000
268,-1,1495,426,95,256,1,9.167,-0.150,0.000
268,-1,1261,439,87,260,1,8.167,1.350,0.000
268,-1,1075,414,81,253,1,8.167,2.850,0.000
268,-1,1147,342,74,232,1,10.167,3.150,0.000
268,-1,1147,318,72,225,1,10.833,3.450,0.000
268,-1,1240,84,50,153,1,21.167,6.750,0.000
268,-1,499,368,88,232,1,7.500,7.650,0.000
268,-1,445,375,90,233,1,7.167,7.950,0.000
268,-1,914,151,58,172,1,16.167,8.550,0.000
268,-1,218,388,101,233,1,6.167,9.450,0.000
268,-1,247,377,98,230,1,6.500,9.450,0.000
268,-1,44,347,111,223,1,6.500,11.550,0.000
269,-1,1728,361,106,241,1,11.500,-1.350,0.000
269,-1,1637,416,103,255,1,9.833,-1.050,0.000
269,-1,1609,399,99,249,1,10.167,-0.750,0.000
269,-1,1508,374,89,241,1,10.500,0.150,0.000
269,-1,1277,426,86,257,1,8.500,1.350,0.000
269,-1,1035,439,84,260,1,7.500,2.850,0.000
269,-1,1113,390,79,246,1,8.833,2.850,0.000
269,-1,1130,328,73,228,1,10.500,3.450,0.000
269,-1,1263,51,47,143,1,23.500,7.350,0.000
269,-1,449,390,92,237,1,6.833,7.650,0.000
269,-1,419,386,92,236,1,6.833,7.950,0.000
269,-1,416,371,91,231,1,7.167,8.250,0.000
269,-1,890,149,58,171,1,16.167,8.850,0.000
269,-1,275,352,94,223,1,7.167,9.750,0.000
270,-1,1729,412,112,256,1,10.167,-1.650,0.000
270,-1,1698,396,106,250,1,10.500,-1.350,0.000
270,-1,1614,441,104,262,1,9.167,-1.050,0.000
270,-1,1533,390,93,246,1,10.167,-0.150,0.000
270,-1,1277,426,86,257,1,8.500,1.350,0.000
270,-1,1073,444,84,262,1,7.500,2.550,0.000
270,-1,993,466,88,268,1,6.833,2.850,0.000
270,-1,1096,348,75,234,1,9.833,3.450,0.000
270,-1,1279,66,49,148,1,22.500,6.750,0.000
270,-1,423,402,94,240,1,6.500,7.650,0.000
270,-1,393,398,94,238,1,6.500,7.950,0.000
270,-1,860,161,60,174,1,15.500,8.850,0.000
270,-1,303,356,93,225,1,7.167,9.450,0.000
271,-1,1708,438,112,263,1,9.500,-1.650,0.000
271,-1,1688,408,107,253,1,10.167,-1.350,0.000
271,-1,1698,396,106,250,1,10.500,-1.350,0.000
271,-1,1602,455,105,265,1,8.833,-1.050,0.000
271,-1,1561,450,101,263,1,8.833,-0.750,0.000
271,-1,1532,352,88,235,1,11.167,0.150,0.000
271,-1,1293,414,85,253,1,8.833,1.350,0.000
271,-1,948,495,92,275,1,6.167,2.850,0.000
271,-1,1055,426,82,257,1,7.833,2.850,0.000
271,-1,1075,414,81,253,1,8.167,2.850,0.000
271,-1,1077,385,78,245,1,8.833,3.150,0.000
271,-1,1288,62,49,147,1,22.833,6.750,0.000
271,-1,368,426,99,246,1,5.833,7.650,0.000
271,-1,338,421,99,244,1,5.833,7.950,0.000
271,-1,336,405,97,240,1,6.167,8.250,0.000
271,-1,837,182,62,181,1,14.500,8.550,0.000
271,-1,331,360,92,226,1,7.167,9.150,0.000
272,-1,1708,438,112,263,1,9.500,-1.650,0.000
272,-1,1677,420,107,257,1,9.833,-1.350,0.000
272,-1,1590,469,105,269,1,8.500,-1.050,0.000
272,-1,1534,431,97,258,1,9.167,-0.450,0.000
272,-1,1547,419,97,254,1,9.500,-0.450,0.000
272,-1,1309,402,85,249,1,9.167,1.350,0.000
272,-1,1010,486,89,273,1,6.500,2.550,0.000
272,-1,925,510,94,279,1,5.833,2.850,0.000
272,-1,1041,381,79,243,1,8.833,3.450,0.000
272,-1,1315,49,48,144,1,23.833,6.750,0.000
272,-1,310,451,104,253,1,5.167,7.650,0.000
272,-1,279,446,105,251,1,5.167,7.950,0.000
272,-1,366,409,97,241,1,6.167,7.950,0.000
272,-1,363,393,95,237,1,6.500,8.250,0.000
272,-1,361,378,93,232,1,6.833,8.550,0.000
272,-1,804,195,64,184,1,13.833,8.550,0.000
272,-1,355,336,88,220,1,7.833,9.450,0.000
273,-1,1720,485,119,277,1,8.500,-1.950,0.000
273,-1,1577,483,106,273,1,8.167,-1.050,0.000
273,-1,1522,492,104,275,1,7.833,-0.750,0.000
273,-1,1597,411,99,253,1,9.833,-0.750,0.000
273,-1,1609,399,99,249,1,10.167,-0.750,0.000
273,-1,1620,387,98,246,1,10.500,-0.750,0.000
273,-1,1652,353,97,237,1,11.500,-0.750,0.000
273,-1,1309,402,85,249,1,9.167,1.350,0.000
273,-1,876,541,99,287,1,5.167,2.850,0.000
273,-1,993,466,88,268,1,6.833,2.850,0.000
273,-1,998,434,85,259,1,7.500,3.150,0.000
273,-1,312,469,106,258,1,4.833,7.350,0.000
273,-1,248,459,108,254,1,4.833,7.950,0.000
273,-1,1325,4,44,131,1,27.500,7.950,0.000
273,-1,778,219,67,191,1,12.833,8.250,0.000
273,-1,377,313,85,213,1,8.500,9.750,0.000
273,-1,399,292,81,207,1,9.167,10.050,0.000
274,-1,1675,480,114,274,1,8.500,-1.650,0.000
274,-1,1537,528,109,286,1,7.167,-1.050,0.000
274,-1,1602,455,105,265,1,8.833,-1.050,0.000
274,-1,1464,554,108,293,1,6.500,-0.750,0.000
274,-1,1597,411,99,253,1,9.833,-0.750,0.000
274,-1,1631,376,98,243,1,10.833,-0.750,0.000
274,-1,1309,402,85,249,1,9.167,1.350,0.000
274,-1,839,599,106,302,1,4.167,2.550,0.000
274,-1,941,531,96,285,1,5.500,2.550,0.000
274,-1,966,400,82,249,1,8.167,3.750,0.000
274,-1,248,477,110,260,1,4.500,7.650,0.000
274,-1,216,472,111,258,1,4.500,7.950,0.000
274,-1,1333,0,44,130,1,27.833,7.950,0.000
274,-1,184,467,113,256,1,4.500,8.250,0.000
274,-1,752,216,67,190,1,12.833,8.550,0.000
274,-1,419,272,79,202,1,9.833,10.350,0.000
275,-1,1685,531,121,290,1,7.500,-1.950,0.000
275,-1,1632,474,109,271,1,8.500,-1.350,0.000
275,-1,1537,528,109,286,1,7.167,-1.050,0.000
275,-1,1626,428,103,258,1,9.500,-1.050,0.000
275,-1,1631,376,98,243,1,10.833,-0.750,0.000
275,-1,1324,390,84,246,1,9.500,1.350,0.000
275,-1,811,617,109,306,1,3.833,2.550,0.000
275,-1,917,547,98,289,1,5.167,2.550,0.000
275,-1,932,475,91,270,1,6.500,3.150,0.000
275,-1,181,505,118,267,1,3.833,7.650,0.000
275,-1,147,500,119,266,1,3.833,7.950,0.000
275,-1,715,231,69,194,1,12.167,8.550,0.000
275,-1,463,255,75,197,1,10.500,10.350,0.000
275,-1,438,253,76,196,1,10.500,10.650,0.000
276,-1,1673,547,121,294,1,7.167,-1.950,0.000
276,-1,1553,567,115,297,1,6.500,-1.350,0.000
276,-1,1461,613,115,310,1,5.500,-1.050,0.000
276,-1,1625,339,93,232,1,11.833,-0.450,0.000
276,-1,1324,390,84,246,1,9.500,1.350,0.000
276,-1,767,684,117,323,1,2.833,2.250,0.000
276,-1,891,564,101,293,1,4.833,2.550,0.000
276,-1,901,525,96,283,1,5.500,2.850,0.000
276,-1,1353,21,47,136,1,26.167,7.050,0.000
276,-1,143,541,125,278,1,3.167,7.350,0.000
276,-1,71,529,130,275,1,3.167,7.950,0.000
276,-1,678,247,71,199,1,11.500,8.550,0.000
276,-1,463,255,75,197,1,10.500,10.350,0.000
276,-1,484,247,74,195,1,10.833,10.350,0.000
277,-1,1660,564,122,299,1,6.833,-1.950,0.000
277,-1,1639,525,116,286,1,7.500,-1.650,0.000
277,-1,1458,681,122,329,1,4.500,-1.350,0.000
277,-1,1539,584,116,302,1,6.167,-1.350,0.000
277,-1,1553,567,115,297,1,6.500,-1.350,0.000
277,-1,1640,287,89,217,1,13.500,-0.150,0.000
277,-1,1338,379,83,243,1,9.833,1.350,0.000
277,-1,736,705,121,328,1,2.500,2.250,0.000
277,-1,826,644,111,313,1,3.500,2.250,0.000
277,-1,871,483,93,272,1,6.167,3.450,0.000
277,-1,104,557,130,283,1,2.833,7.350,0.000
277,-1,24,567,139,288,1,2.500,7.650,0.000
277,-1,624,283,76,209,1,10.167,8.250,0.000
277,-1,521,222,70,188,1,11.833,10.650,0.000
277,-1,497,220,71,187,1,11.833,10.950,0.000
278,-1,1647,581,123,304,1,6.500,-1.950,0.000
278,-1,1475,660,121,323,1,4.833,-1.350,0.000
278,-1,1508,621,118,312,1,5.500,-1.350,0.000
278,-1,1539,584,116,302,1,6.167,-1.350,0.000
278,-1,1567,550,113,293,1,6.833,-1.350,0.000
278,-1,1661,233,85,203,1,15.500,0.150,0.000
278,-1,1338,379,83,243,1,9.833,1.350,0.000
278,-1,811,617,109,306,1,3.833,2.550,0.000
278,-1,835,535,100,285,1,5.167,3.150,0.000
278,-1,18,590,142,295,1,2.167,7.350,0.000
278,-1,576,289,77,210,1,9.833,8.550,0.000
278,-1,517,212,69,185,1,12.167,10.950,0.000
279,-1,1492,711,127,339,1,4.167,-1.650,0.000
279,-1,1541,648,123,321,1,5.167,-1.650,0.000
279,-1,1553,567,115,297,1,6.500,-1.350,0.000
279,-1,1477,595,114,305,1,5.833,-1.050,0.000
279,-1,1678,217,85,199,1,16.167,0.150,0.000
279,-1,1352,368,82,239,1,10.167,1.350,0.000
279,-1,796,528,100,283,1,5.167,3.450,0.000
279,-1,554,298,79,212,1,9.500,8.550,0.000
279,-1,565,266,75,202,1,10.500,9.150,0.000
279,-1,555,199,67,182,1,12.833,10.950,0.000
280,-1,1444,632,116,315,1,5.167,-1.050,0.000
280,-1,1703,194,85,193,1,17.167,0.150,0.000
280,-1,1366,357,82,236,1,10.500,1.350,0.000
280,-1,755,584,107,297,1,4.167,3.150,0.000
280,-1,514,330,83,221,1,8.500,8.250,0.000
280,-1,610,179,64,176,1,13.833,10.950,0.000
280,-1,587,177,64,175,1,13.833,11.250,0.000
281,-1,1415,606,112,307,1,5.500,-0.750,0.000
281,-1,1404,564,107,295,1,6.167,-0.450,0.000
281,-1,1711,187,85,192,1,17.500,0.150,0.000
281,-1,1374,383,85,244,1,9.833,1.050,0.000
281,-1,714,577,108,295,1,4.167,3.450,0.000
281,-1,466,350,87,226,1,7.833,8.250,0.000
281,-1,640,158,62,170,1,14.833,11.250,0.000
281,-1,617,156,62,170,1,14.833,11.550,0.000
282,-1,1371,715,122,337,1,3.833,-1.050,0.000
282,-1,1379,644,114,317,1,4.833,-0.750,0.000
282,-1,1387,581,108,300,1,5.833,-0.450,0.000
282,-1,1719,179,85,190,1,17.833,0.150,0.000
282,-1,1374,383,85,244,1,9.833,1.050,0.000
282,-1,636,659,120,315,1,2.833,3.150,0.000
282,-1,416,371,91,231,1,7.167,8.250,0.000
282,-1,640,158,62,170,1,14.833,11.250,0.000
282,-1,673,146,60,167,1,15.500,11.250,0.000
283,-1,1726,172,85,188,1,18.167,0.150,0.000
283,-1,1388,372,84,241,1,10.167,1.050,0.000
283,-1,625,631,117,308,1,3.167,3.450,0.000
283,-1,366,409,97,241,1,6.167,7.950,0.000
283,-1,673,146,60,167,1,15.500,11.250,0.000
283,-1,689,140,59,166,1,15.833,11.250,0.000
284,-1,1726,118,80,174,1,20.833,0.750,0.000
284,-1,1406,326,80,227,1,11.500,1.350,0.000
284,-1,561,670,123,317,1,2.500,3.450,0.000
284,-1,307,417,100,243,1,5.833,8.250,0.000
284,-1,715,122,57,160,1,16.833,11.550,0.000
285,-1,1734,138,82,179,1,19.833,0.450,0.000
285,-1,1406,326,80,227,1,11.500,1.350,0.000
285,-1,248,441,106,249,1,5.167,8.250,0.000
285,-1,730,117,56,159,1,17.167,11.550,0.000
286,-1,1406,326,80,227,1,11.500,1.350,0.000
286,-1,1151,489,89,274,1,6.833,1.650,0.000
286,-1,151,462,115,255,1,4.500,8.550,0.000
286,-1,788,115,55,159,1,17.500,10.950,0.000
286,-1,752,118,56,160,1,17.167,11.250,0.000
287,-1,1698,117,77,172,1,20.833,1.050,0.000
287,-1,1406,326,80,227,1,11.500,1.350,0.000
287,-1,1069,513,91,281,1,6.167,1.950,0.000
287,-1,79,488,124,263,1,3.833,8.550,0.000
287,-1,781,108,55,157,1,17.833,11.250,0.000
287,-1,810,98,54,154,1,18.500,11.250,0.000
288,-1,1698,117,77,172,1,20.833,1.050,0.000
288,-1,1410,294,76,217,1,12.500,1.650,0.000
288,-1,1010,486,89,273,1,6.500,2.550,0.000
288,-1,4,496,133,267,1,3.500,8.850,0.000
288,-1,1249,0,42,128,1,27.500,9.150,0.000
288,-1,817,104,54,156,1,18.167,10.950,0.000
288,-1,810,98,54,154,1,18.500,11.250,0.000
289,-1,1678,111,74,170,1,21.167,1.350,0.000
289,-1,1410,294,76,217,1,12.500,1.650,0.000
289,-1,948,495,92,275,1,6.167,2.850,0.000
289,-1,1240,3,42,129,1,27.167,9.150,0.000
289,-1,851,84,52,150,1,19.500,11.250,0.000
289,-1,830,82,52,149,1,19.500,11.550,0.000
290,-1,1673,93,72,165,1,22.167,1.650,0.000
290,-1,1402,273,74,211,1,13.167,1.950,0.000
290,-1,885,504,95,277,1,5.833,3.150,0.000
290,-1,1253,15,44,133,1,26.167,8.550,0.000
290,-1,1234,14,43,132,1,26.167,8.850,0.000
290,-1,859,90,52,152,1,19.167,10.950,0.000
290,-1,872,85,52,151,1,19.500,10.950,0.000
291,-1,1402,273,74,211,1,13.167,1.950,0.000
291,-1,1661,82,70,161,1,22.833,1.950,0.000
291,-1,809,551,102,289,1,4.833,3.150,0.000
291,-1,1227,26,44,136,1,25.167,8.550,0.000
291,-1,1245,19,44,134,1,25.833,8.550,0.000
291,-1,70,366,110,228,1,6.167,10.950,0.000
291,-1,898,76,50,148,1,20.167,10.950,0.000
292,-1,1413,264,73,209,1,13.500,1.950,0.000
292,-1,1654,87,70,162,1,22.500,1.950,0.000
292,-1,730,538,103,285,1,4.833,3.750,0.000
292,-1,1238,31,45,137,1,24.833,8.250,0.000
292,-1,923,67,49,146,1,20.833,10.950,0.000
292,-1,105,342,104,221,1,6.833,11.250,0.000
292,-1,915,62,49,144,1,21.167,11.250,0.000
293,-1,1413,264,73,209,1,13.500,1.950,0.000
293,-1,1650,71,68,158,1,23.500,2.250,0.000
293,-1,664,547,106,286,1,4.500,4.050,0.000
293,-1,1229,35,45,138,1,24.500,8.250,0.000
293,-1,1238,31,45,137,1,24.833,8.250,0.000
293,-1,948,59,48,143,1,21.500,10.950,0.000
293,-1,136,333,101,218,1,7.167,11.250,0.000
293,-1,928,58,48,143,1,21.500,11.250,0.000
294,-1,1425,256,73,206,1,13.833,1.950,0.000
294,-1,1643,76,67,159,1,23.167,2.250,0.000
294,-1,568,574,112,292,1,3.833,4.350,0.000
294,-1,1219,39,45,139,1,24.167,8.250,0.000
294,-1,192,327,96,216,1,7.500,10.950,0.000
294,-1,975,41,46,138,1,22.833,11.250,0.000
294,-1,955,40,46,138,1,22.833,11.550,0.000
295,-1,1425,256,73,206,1,13.833,1.950,0.000
295,-1,1639,60,66,155,1,24.167,2.550,0.000
295,-1,506,608,117,300,1,3.167,4.350,0.000
295,-1,1221,48,46,142,1,23.500,7.950,0.000
295,-1,983,47,47,140,1,22.500,10.950,0.000
295,-1,220,305,91,210,1,8.167,11.250,0.000
295,-1,975,41,46,138,1,22.833,11.250,0.000
296,-1,1428,230,70,198,1,14.833,2.250,0.000
296,-1,1646,55,66,154,1,24.500,2.550,0.000
296,-1,430,594,118,295,1,3.167,4.950,0.000
296,-1,1202,56,46,144,1,22.833,7.950,0.000
296,-1,246,297,89,207,1,8.500,11.250,0.000
296,-1,986,38,46,137,1,23.167,11.250,0.000
296,-1,997,34,45,136,1,23.500,11.250,0.000
297,-1,1417,237,70,201,1,14.500,2.250,0.000
297,-1,1646,55,66,154,1,24.500,2.550,0.000
297,-1,324,622,125,302,1,2.500,5.250,0.000
297,-1,1192,60,47,146,1,22.500,7.950,0.000
297,-1,1019,26,44,134,1,24.167,11.250,0.000
297,-1,295,268,83,199,1,9.500,11.550,0.000
297,-1,999,25,44,133,1,24.167,11.550,0.000
298,-1,1417,237,70,201,1,14.500,2.250,0.000
298,-1,1660,46,66,152,1,25.167,2.550,0.000
298,-1,211,625,131,303,1,2.167,5.850,0.000
298,-1,1182,65,47,147,1,22.167,7.950,0.000
298,-1,320,271,82,200,1,9.500,11.250,0.000
298,-1,1041,11,43,130,1,25.500,11.550,0.000
298,-1,1023,10,43,129,1,25.500,11.850,0.000
299,-1,1697,588,128,308,1,6.500,-2.250,0.000
299,-1,1428,230,70,198,1,14.833,2.250,0.000
299,-1,1662,27,65,147,1,26.500,2.850,0.000
299,-1,132,636,137,308,1,1.833,6.150,0.000
299,-1,1161,73,48,149,1,21.500,7.950,0.000
299,-1,366,255,78,196,1,10.167,11.250,0.000
299,-1,1043,3,42,127,1,26.167,11.850,0.000
299,-1,1053,0,41,126,1,26.500,11.850,0.000
299,-1,1063,-2,41,125,1,26.833,11.850,0.000
300,-1,1697,588,128,308,1,6.500,-2.250,0.000
300,-1,1428,230,70,198,1,14.833,2.250,0.000
300,-1,1673,37,66,150,1,25.833,2.550,0.000
300,-1,83,684,147,324,1,1.167,5.850,0.000
300,-1,1150,78,48,151,1,21.167,7.950,0.000
300,-1,389,247,77,194,1,10.500,11.250,0.000
300,-1,1063,-2,41,125,1,26.833,11.850,0.000
